"projectDescriptionID","trapVisitID","visitTime","siteName","subSiteName","visitType","fishProcessed","trapFunctioning","counterAtEnd","rpmRevolutionsAtStart","rpmRevolutionsAtEnd","includeCatch","discharge","waterVel","waterTemp","turbidity"
2,1,2022-10-17 13:58:04,"Hallwood","Hallwood 1 RR","Start trap & begin trapping","Not applicable","Trap functioning normally",NA,NA,0.5,"Yes",NA,NA,18,0.550000011920929
7,2,2022-10-17 13:58:44,"Hallwood","Hallwood 1 RR","Start trap & begin trapping","Not applicable","Trap functioning normally",NA,NA,0.5,"Yes",NA,NA,18,0.550000011920929
7,3,2022-10-18 09:53:53,"Hallwood","Hallwood 1 RR","Continue trapping","No fish were caught","Trap functioning normally",475,0.5,0.300000011920929,"Yes",NA,NA,18,NA
7,4,2022-10-19 11:55:22,"Hallwood","Hallwood 1 RR","Continue trapping","Processed fish","Trap functioning normally",617,0.600000023841858,0.600000023841858,"Yes",NA,NA,18,NA
7,5,2022-10-20 09:07:46,"Hallwood","Hallwood 1 RR","Continue trapping","No fish were caught","Trap functioning normally",712,0.600000023841858,0.5,"Yes",NA,NA,16,0.610000014305115
7,6,2022-10-21 10:50:34,"Hallwood","Hallwood 1 RR","End trapping","Processed fish","Trap functioning normally",522,0.349999994039536,NA,"Yes",NA,NA,16,6
7,7,2022-10-24 12:30:36,"Hallwood","Hallwood 1 RR","Start trap & begin trapping","Not applicable","Trap functioning normally",NA,NA,1.10000002384186,"Yes",NA,NA,18,0.579999983310699
7,10,2022-10-24 12:30:46,"Hallwood","Hallwood 3","Start trap & begin trapping","Not applicable","Trap functioning normally",NA,NA,2,"Yes",NA,NA,18,0.579999983310699
7,8,2022-10-25 08:52:44,"Hallwood","Hallwood 1 RR","Continue trapping","Processed fish","Trap functioning normally",997,0.699999988079071,0.5,"Yes",NA,NA,18,0.879999995231628
7,11,2022-10-25 09:13:43,"Hallwood","Hallwood 3","Continue trapping","No fish were caught","Trap functioning normally",NA,1.76999998092651,1.5,"Yes",NA,NA,18,0.879999995231628
7,9,2022-10-26 10:41:27,"Hallwood","Hallwood 1 RR","Continue trapping","No fish were caught","Trap functioning normally",1045,0.600000023841858,0.800000011920929,"Yes",NA,NA,NA,1.1599999666214
7,12,2022-10-26 11:04:34,"Hallwood","Hallwood 3","Continue trapping","No fish were caught","Trap functioning normally",2137,1.39999997615814,1.39999997615814,"Yes",NA,NA,NA,1.1599999666214
7,16,2022-10-27 08:43:54,"Hallwood","Hallwood 3","Continue trapping","No fish were caught","Trap functioning normally",1852,1.70000004768372,2,"Yes",NA,NA,NA,0.579999983310699
7,13,2022-10-27 09:02:40,"Hallwood","Hallwood 1 RR","Continue trapping","No fish were caught","Trap functioning normally",902,1,0.899999976158142,"Yes",NA,NA,NA,0.579999983310699
7,17,2022-10-28 09:22:37,"Hallwood","Hallwood 3","End trapping","No fish were caught","Trap functioning normally",2090,1.36000001430511,NA,"Yes",NA,NA,NA,0.509999990463257
7,14,2022-10-28 09:49:17,"Hallwood","Hallwood 1 RR","End trapping","No fish were caught","Trap functioning normally",1282,0.699999988079071,NA,"Yes",NA,NA,NA,0.509999990463257
7,18,2022-10-31 09:38:56,"Hallwood","Hallwood 3","Start trap & begin trapping","Not applicable","Trap functioning normally",NA,NA,1.60000002384186,"Yes",NA,NA,NA,0.449999988079071
7,15,2022-10-31 09:40:33,"Hallwood","Hallwood 1 RR","Start trap & begin trapping","Not applicable","Trap functioning normally",NA,NA,0.800000011920929,"Yes",NA,NA,NA,0.449999988079071
7,20,2022-11-01 08:59:05,"Hallwood","Hallwood 3","Continue trapping","No fish were caught","Trap functioning normally",2327,1.70000004768372,2,"Yes",NA,NA,NA,0.589999973773956
7,19,2022-11-01 09:15:08,"Hallwood","Hallwood 1 RR","Continue trapping","Processed fish","Trap functioning normally",1235,0.899999976158142,1.14999997615814,"Yes",NA,NA,NA,0.589999973773956
7,25,2022-11-02 09:30:34,"Hallwood","Hallwood 3","Continue trapping","No fish were caught","Trap functioning normally",2660,1.79999995231628,1.70000004768372,"Yes",NA,NA,NA,0.889999985694885
7,21,2022-11-02 09:51:32,"Hallwood","Hallwood 1 RR","Continue trapping","Processed fish","Trap functioning normally",1425,1,1.10000002384186,"Yes",NA,NA,NA,0.889999985694885
7,26,2022-11-03 09:54:16,"Hallwood","Hallwood 3","Continue trapping","No fish were caught","Trap functioning normally",2565,1.89999997615814,2,"Yes",NA,NA,13,0.610000014305115
7,22,2022-11-03 10:41:52,"Hallwood","Hallwood 1 RR","Continue trapping","Processed fish","Trap functioning normally",1425,0.699999988079071,0.899999976158142,"Yes",NA,NA,13,0.610000014305115
7,27,2022-11-04 09:15:38,"Hallwood","Hallwood 3","End trapping","Processed fish","Trap functioning normally",2375,1.79999995231628,NA,"Yes",NA,NA,15,0.579999983310699
7,23,2022-11-04 09:46:50,"Hallwood","Hallwood 1 RR","End trapping","No fish were caught","Trap functioning normally",1187,0.699999988079071,NA,"Yes",NA,NA,15,0.579999983310699
7,28,2022-11-07 08:19:10,"Hallwood","Hallwood 3","Start trap & begin trapping","Not applicable","Trap functioning normally",NA,NA,2.09999990463257,"Yes",NA,NA,15,0.540000021457672
7,24,2022-11-07 08:21:13,"Hallwood","Hallwood 1 RR","Start trap & begin trapping","Not applicable","Trap functioning normally",NA,NA,0.899999976158142,"Yes",NA,NA,15,0.639999985694885
7,31,2022-11-08 08:54:48,"Hallwood","Hallwood 3","Continue trapping","No fish were caught","Trap functioning normally",2897,2,2,"Yes",NA,NA,10,1.17999994754791
7,29,2022-11-08 09:15:20,"Hallwood","Hallwood 1 RR","Continue trapping","Processed fish","Trap functioning normally",1425,1.10000002384186,0.899999976158142,"Yes",NA,NA,10,1.17999994754791
7,32,2022-11-09 08:25:38,"Hallwood","Hallwood 3","Continue trapping","No fish were caught","Trap functioning normally",3040,1.70000004768372,2.5,"Yes",NA,NA,10,1.25
7,30,2022-11-09 08:51:11,"Hallwood","Hallwood 1 RR","Continue trapping","Processed fish","Trap functioning normally",1472,1.20000004768372,1.20000004768372,"Yes",NA,NA,10,1.25
7,38,2022-11-10 10:30:52,"Hallwood","Hallwood 3","End trapping","Processed fish","Trap functioning normally",2897,0.829999983310699,NA,"Yes",NA,NA,11,0.980000019073486
7,33,2022-11-10 11:13:17,"Hallwood","Hallwood 1 RR","End trapping","Processed fish","Trap functioning normally",1567,0.75,NA,"Yes",NA,NA,11,0.980000019073486
7,39,2022-11-14 09:22:31,"Hallwood","Hallwood 3","Start trap & begin trapping","Not applicable","Trap functioning normally",NA,NA,1.79999995231628,"Yes",NA,NA,9,0.800000011920929
7,34,2022-11-14 09:25:04,"Hallwood","Hallwood 1 RR","Start trap & begin trapping","Not applicable","Trap functioning normally",NA,NA,0.800000011920929,"Yes",NA,NA,9,0.800000011920929
7,40,2022-11-15 09:00:05,"Hallwood","Hallwood 3","Continue trapping","No fish were caught","Trap functioning normally",2422,1.70000004768372,2,"Yes",NA,NA,8,0.550000011920929
7,35,2022-11-15 09:26:48,"Hallwood","Hallwood 1 RR","Continue trapping","Processed fish","Trap functioning normally",1092,0.699999988079071,1,"Yes",NA,NA,8,0.550000011920929
7,41,2022-11-16 09:20:30,"Hallwood","Hallwood 3","Continue trapping","No fish were caught","Trap functioning normally",2375,1.79999995231628,1.89999997615814,"Yes",NA,NA,8,0.540000021457672
7,36,2022-11-16 09:45:17,"Hallwood","Hallwood 1 RR","Continue trapping","No fish were caught","Trap functioning normally",1235,0.800000011920929,1,"Yes",NA,NA,8,0.540000021457672
7,42,2022-11-17 09:24:45,"Hallwood","Hallwood 3","Continue trapping","No fish were caught","Trap functioning normally",2185,1,1.5,"Yes",NA,NA,9,0.569999992847443
7,37,2022-11-17 10:00:59,"Hallwood","Hallwood 1 RR","Continue trapping","Processed fish","Trap functioning normally",1235,0.800000011920929,0.699999988079071,"Yes",NA,NA,9,0.569999992847443
7,43,2022-11-18 09:27:56,"Hallwood","Hallwood 3","End trapping","No fish were caught","Trap stopped functioning",1662,0,NA,"Yes",NA,NA,9,0.740000009536743
7,44,2022-11-18 09:55:10,"Hallwood","Hallwood 1 RR","End trapping","No fish were caught","Trap functioning normally",1235,0.800000011920929,NA,"Yes",NA,NA,9,0.740000009536743
7,58,2022-11-21 09:22:14,"Hallwood","Hallwood 3","Start trap & begin trapping","Not applicable","Trap functioning normally",NA,NA,2.09999990463257,"Yes",NA,NA,7,0.720000028610229
7,45,2022-11-21 09:26:25,"Hallwood","Hallwood 1 RR","Start trap & begin trapping","Not applicable","Trap functioning normally",NA,NA,0.699999988079071,"Yes",NA,NA,7,0.720000028610229
7,59,2022-11-22 09:15:05,"Hallwood","Hallwood 3","Continue trapping","Processed fish","Trap functioning normally",2612,2,1.39999997615814,"Yes",NA,NA,7.5,0.579999983310699
7,46,2022-11-22 10:02:05,"Hallwood","Hallwood 1 RR","Continue trapping","Processed fish","Trap functioning normally",1452,1,1,"Yes",NA,NA,7.5,0.579999983310699
7,60,2022-11-23 09:02:09,"Hallwood","Hallwood 3","End trapping","Processed fish","Trap functioning normally",2232,1.79999995231628,NA,"Yes",NA,NA,7,0.449999988079071
7,47,2022-11-23 09:50:41,"Hallwood","Hallwood 1 RR","End trapping","Processed fish","Trap functioning normally",1235,1,NA,"Yes",NA,NA,7,0.449999988079071
7,61,2022-11-28 09:50:31,"Hallwood","Hallwood 3","Start trap & begin trapping","Not applicable","Trap functioning normally",NA,NA,1.79999995231628,"Yes",NA,NA,7,0.469999998807907
7,48,2022-11-28 09:50:47,"Hallwood","Hallwood 1 RR","Start trap & begin trapping","Not applicable","Trap functioning normally",NA,NA,NA,"Yes",NA,NA,7,0.469999998807907
7,62,2022-11-29 09:50:55,"Hallwood","Hallwood 3","Continue trapping","Processed fish","Trap functioning normally",2660,1.70000004768372,2.09999990463257,"Yes",NA,NA,7,0.5
7,49,2022-11-29 10:40:37,"Hallwood","Hallwood 1 RR","Continue trapping","Processed fish","Trap functioning normally",1567,1,1.20000004768372,"Yes",NA,NA,7,0.5
7,50,2022-11-30 09:50:23,"Hallwood","Hallwood 1 RR","Unplanned restart","Processed fish","Trap stopped functioning",997,0,0.800000011920929,"Yes",NA,NA,7,0.759999990463257
7,63,2022-11-30 11:10:02,"Hallwood","Hallwood 3","Continue trapping","Processed fish","Trap functioning normally",2470,1.89999997615814,2.20000004768372,"Yes",NA,NA,7,0.759999990463257
7,64,2022-12-01 09:25:48,"Hallwood","Hallwood 3","Continue trapping","No fish were caught","Trap functioning normally",2660,2.09999990463257,2,"Yes",NA,NA,7,0.600000023841858
7,51,2022-12-01 10:06:08,"Hallwood","Hallwood 1 RR","Continue trapping","Processed fish","Trap functioning normally",475,0.899999976158142,0.899999976158142,"Yes",NA,NA,7,0.600000023841858
7,65,2022-12-02 09:16:23,"Hallwood","Hallwood 3","Unplanned restart","No fish were caught","Trap stopped functioning",95,0,2.5,"Yes",NA,NA,6,1.14999997615814
7,52,2022-12-02 12:02:43,"Hallwood","Hallwood 1 RR","Unplanned restart","Processed fish","Trap stopped functioning",2042,0,1,"Yes",NA,NA,6,1.14999997615814
7,66,2022-12-03 10:46:49,"Hallwood","Hallwood 3","End trapping","Processed fish","Trap stopped functioning",997,0,NA,"Yes",NA,NA,7,0.579999983310699
7,53,2022-12-03 13:10:24,"Hallwood","Hallwood 1 RR","End trapping","Processed fish","Trap stopped functioning",380,0,NA,"Yes",NA,NA,7,0.579999983310699
7,67,2022-12-07 09:29:48,"Hallwood","Hallwood 3","Start trap & begin trapping","Not applicable","Trap functioning normally",NA,NA,2.40000009536743,"Yes",NA,NA,8,1.87000000476837
7,54,2022-12-07 09:30:24,"Hallwood","Hallwood 1 RR","Start trap & begin trapping","Not applicable","Trap functioning normally",NA,NA,1,"Yes",NA,NA,8,1.87000000476837
7,68,2022-12-08 09:16:17,"Hallwood","Hallwood 3","Continue trapping","Processed fish","Trap functioning normally",2327,2,2.40000009536743,"Yes",NA,NA,7,0.829999983310699
7,55,2022-12-08 09:37:17,"Hallwood","Hallwood 1 RR","Continue trapping","Processed fish","Trap functioning normally",997,0.800000011920929,1,"Yes",NA,NA,7,0.829999983310699
7,69,2022-12-09 08:41:54,"Hallwood","Hallwood 3","Continue trapping","Processed fish","Trap functioning normally",2945,2.40000009536743,2.5,"Yes",NA,NA,7,0.670000016689301
7,56,2022-12-09 09:20:25,"Hallwood","Hallwood 1 RR","Continue trapping","Processed fish","Trap functioning normally",1425,1.10000002384186,1,"Yes",NA,NA,7,0.670000016689301
7,70,2022-12-10 09:30:03,"Hallwood","Hallwood 3","End trapping","Processed fish","Trap stopped functioning",3372,2.70000004768372,2.79999995231628,"Yes",NA,NA,7,1.19000005722046
7,57,2022-12-10 10:14:22,"Hallwood","Hallwood 1 RR","End trapping","Processed fish","Trap stopped functioning",1567,1.10000002384186,1.5,"Yes",NA,NA,7,1.19000005722046
7,82,2022-12-12 10:45:45,"Hallwood","Hallwood 3","Start trap & begin trapping","Not applicable","Trap functioning normally",2090,NA,2.90000009536743,"Yes",NA,NA,10,3.46000003814697
7,71,2022-12-12 10:45:47,"Hallwood","Hallwood 1 RR","Start trap & begin trapping","Not applicable","Trap functioning normally",NA,NA,1,"Yes",NA,NA,10,3.46000003814697
7,83,2022-12-13 09:00:48,"Hallwood","Hallwood 3","Continue trapping","Processed fish","Trap functioning normally",3610,2.90000009536743,2.79999995231628,"Yes",NA,NA,8,1.83000004291534
7,72,2022-12-13 10:11:29,"Hallwood","Hallwood 1 RR","Continue trapping","Processed fish","Trap functioning normally",1757,1.5,1.29999995231628,"Yes",NA,NA,8,1.83000004291534
7,84,2022-12-14 09:00:19,"Hallwood","Hallwood 3","Continue trapping","Processed fish","Trap functioning normally",3562,2.5,2.40000009536743,"Yes",NA,NA,7,1.41999995708466
7,73,2022-12-14 09:40:39,"Hallwood","Hallwood 1 RR","Continue trapping","Processed fish","Trap functioning normally",1472,0.899999976158142,1.39999997615814,"Yes",NA,NA,7,1.41999995708466
7,85,2022-12-15 09:30:52,"Hallwood","Hallwood 3","Continue trapping","Processed fish","Trap functioning normally",3420,2.29999995231628,2.70000004768372,"Yes",NA,NA,8,1.04999995231628
7,74,2022-12-15 09:55:09,"Hallwood","Hallwood 1 RR","Continue trapping","Processed fish","Trap functioning normally",1520,1.10000002384186,1.20000004768372,"Yes",NA,NA,8,1.04999995231628
7,86,2022-12-16 09:22:58,"Hallwood","Hallwood 3","Continue trapping","Processed fish","Trap functioning normally",3420,2.59999990463257,2.59999990463257,"Yes",NA,NA,8,1.25999999046326
7,75,2022-12-16 10:05:10,"Hallwood","Hallwood 1 RR","Continue trapping","Processed fish","Trap functioning normally",1710,1.20000004768372,1.29999995231628,"Yes",NA,NA,8,1.25999999046326
7,87,2022-12-17 09:21:44,"Hallwood","Hallwood 3","Continue trapping","Processed fish","Trap functioning normally",3135,2.20000004768372,2.59999990463257,"Yes",NA,NA,7,1.19000005722046
7,76,2022-12-17 10:19:57,"Hallwood","Hallwood 1 RR","Continue trapping","Processed fish","Trap functioning normally",1425,1.10000002384186,1.10000002384186,"Yes",NA,NA,7,1.19000005722046
7,88,2022-12-18 09:09:32,"Hallwood","Hallwood 3","Continue trapping","Processed fish","Trap functioning normally",3182,2.20000004768372,2.40000009536743,"Yes",NA,NA,7,1.16999995708466
7,77,2022-12-18 09:46:55,"Hallwood","Hallwood 1 RR","Continue trapping","Processed fish","Trap functioning normally",1662,1.29999995231628,1.29999995231628,"Yes",NA,NA,7,1.16999995708466
7,89,2022-12-19 09:00:12,"Hallwood","Hallwood 3","Continue trapping","Processed fish","Trap functioning normally",3087,2.29999995231628,2.5,"Yes",NA,NA,8,1.19000005722046
7,78,2022-12-19 10:00:27,"Hallwood","Hallwood 1 RR","Continue trapping","Processed fish","Trap functioning normally",1900,1.29999995231628,1.20000004768372,"Yes",NA,NA,8,1.19000005722046
7,90,2022-12-20 09:30:32,"Hallwood","Hallwood 3","Continue trapping","Processed fish","Trap functioning normally",2755,1.89999997615814,1.79999995231628,"Yes",NA,NA,8,1.70000004768372
7,79,2022-12-20 09:50:54,"Hallwood","Hallwood 1 RR","Continue trapping","Processed fish","Trap functioning normally",1615,1.10000002384186,1,"Yes",NA,NA,8,1.70000004768372
7,91,2022-12-21 09:04:25,"Hallwood","Hallwood 3","Continue trapping","Processed fish","Trap functioning normally",2327,1.60000002384186,2.29999995231628,"Yes",NA,NA,8,2.29999995231628
7,80,2022-12-21 09:32:49,"Hallwood","Hallwood 1 RR","Continue trapping","Processed fish","Trap functioning normally",1330,1.10000002384186,1.39999997615814,"Yes",NA,NA,8,2.29999995231628
7,92,2022-12-22 09:30:32,"Hallwood","Hallwood 3","Continue trapping","Processed fish","Trap functioning normally",2755,2.20000004768372,2.29999995231628,"Yes",NA,NA,8,2.77999997138977
7,81,2022-12-22 10:15:21,"Hallwood","Hallwood 1 RR","Continue trapping","Processed fish","Trap functioning normally",1710,1.20000004768372,1.20000004768372,"Yes",NA,NA,8,2.77999997138977
7,93,2022-12-23 09:30:01,"Hallwood","Hallwood 3","End trapping","Processed fish","Trap functioning normally",2660,1.79999995231628,NA,"Yes",NA,NA,8,2.10999989509583
7,94,2022-12-23 10:10:19,"Hallwood","Hallwood 1 RR","End trapping","Processed fish","Trap functioning normally",1337,1.10000002384186,NA,"Yes",NA,NA,8,2.10999989509583
7,97,2022-12-27 09:00:02,"Hallwood","Hallwood 1 RR","Start trap & begin trapping","Not applicable","Trap functioning normally",NA,NA,1.60000002384186,"Yes",NA,NA,9,8.30000019073486
7,98,2022-12-27 09:10:12,"Hallwood","Hallwood 3","Start trap & begin trapping","Not applicable","Trap functioning normally",NA,NA,3,"Yes",NA,NA,9,8.30000019073486
7,96,2022-12-27 14:15:34,"Hallwood","Hallwood 3","End trapping","Processed fish","Trap functioning normally",665,3.29999995231628,NA,"Yes",NA,NA,9,8.30000019073486
7,95,2022-12-27 14:40:20,"Hallwood","Hallwood 1 RR","End trapping","Processed fish","Trap functioning normally",475,2,NA,"Yes",NA,NA,9,8.30000019073486
7,99,2023-01-02 13:10:07,"Hallwood","Hallwood 1 RR","Start trap & begin trapping","Not applicable","Trap functioning normally",NA,NA,2.40000009536743,"Yes",NA,NA,9,36
7,100,2023-01-03 09:20:13,"Hallwood","Hallwood 1 RR","Continue trapping","Processed fish","Trap functioning normally",2850,2.29999995231628,2.5,"Yes",NA,NA,8,29.3999996185303
7,101,2023-01-04 09:25:57,"Hallwood","Hallwood 1 RR","Continue trapping","Processed fish","Trap functioning normally",2897,2.29999995231628,2.40000009536743,"Yes",NA,NA,8,24.7000007629395
7,102,2023-01-04 13:50:33,"Hallwood","Hallwood 1 RR","End trapping","Processed fish","Trap functioning normally",475,2.40000009536743,NA,"Yes",NA,NA,8,24.7000007629395
7,103,2023-01-05 08:15:14,"Hallwood","Hallwood 1 RR","Start trap & begin trapping","Not applicable","Trap functioning normally",NA,NA,2.09999990463257,"Yes",NA,NA,8,28.2999992370605
7,104,2023-01-06 09:30:28,"Hallwood","Hallwood 1 RR","Continue trapping","Processed fish","Trap functioning normally",2375,2.20000004768372,3.70000004768372,"Yes",NA,NA,8,19
7,105,2023-01-07 08:22:26,"Hallwood","Hallwood 1 RR","Continue trapping","Processed fish","Trap functioning normally",3705,2.5,3.40000009536743,"Yes",NA,NA,9,16.2999992370605
7,106,2023-01-08 08:53:17,"Hallwood","Hallwood 1 RR","Continue trapping","Processed fish","Trap functioning normally",4797,3.09999990463257,3.5,"Yes",NA,NA,9,15.5
7,107,2023-01-09 09:30:36,"Hallwood","Hallwood 1 RR","Continue trapping","Processed fish","Trap functioning normally",4560,2,3,"Yes",NA,NA,9,17.7999992370605
7,108,2023-01-10 08:40:27,"Hallwood","Hallwood 1 RR","Continue trapping","Processed fish","Trap functioning normally",2612,2.40000009536743,3,"Yes",NA,NA,9,14.8999996185303
7,603,2023-01-11 09:05:48,"Hallwood","Hallwood 1 RR","Continue trapping","Processed fish","Trap functioning normally",2090,2,2.20000004768372,"Yes",NA,NA,9,20.2999992370605
7,110,2023-01-12 10:00:42,"Hallwood","Hallwood 1 RR","Continue trapping","Processed fish","Trap functioning normally",1472,1.60000002384186,3,"Yes",NA,NA,9,15.6000003814697
7,111,2023-01-13 09:40:27,"Hallwood","Hallwood 1 RR","Continue trapping","Processed fish","Trap functioning normally",3325,1.39999997615814,1.89999997615814,"Yes",NA,NA,9,13.1999998092651
7,112,2023-01-14 09:00:40,"Hallwood","Hallwood 1 RR","Continue trapping","Processed fish","Trap functioning normally",2850,1.79999995231628,2.29999995231628,"Yes",NA,NA,9,14.1999998092651
7,113,2023-01-15 09:40:42,"Hallwood","Hallwood 1 RR","Continue trapping","Processed fish","Trap functioning normally",1615,1,1.29999995231628,"Yes",NA,NA,9,25.6000003814697
7,114,2023-01-16 09:10:04,"Hallwood","Hallwood 1 RR","Continue trapping","Processed fish","Trap functioning normally",3277,2.79999995231628,2.40000009536743,"Yes",NA,NA,8,25.5
7,115,2023-01-17 10:45:02,"Hallwood","Hallwood 1 RR","Continue trapping","Processed fish","Trap functioning normally",2280,2.59999990463257,3.59999990463257,"Yes",NA,NA,8,18.1000003814697
7,116,2023-01-18 09:40:50,"Hallwood","Hallwood 1 RR","Continue trapping","Processed fish","Trap functioning normally",4845,3,3.20000004768372,"Yes",NA,NA,8,13.3999996185303
7,117,2023-01-19 09:55:47,"Hallwood","Hallwood 1 RR","Continue trapping","Processed fish","Trap functioning normally",4987,2.90000009536743,3.90000009536743,"Yes",NA,NA,8,15.3000001907349
7,118,2023-01-20 09:00:57,"Hallwood","Hallwood 1 RR","Continue trapping","Processed fish","Trap functioning normally",3420,2.70000004768372,2.90000009536743,"Yes",NA,NA,4,10.5
7,119,2023-01-21 09:09:06,"Hallwood","Hallwood 1 RR","Continue trapping","Processed fish","Trap functioning normally",NA,2.90000009536743,3.79999995231628,"Yes",NA,NA,4,10.6000003814697
7,123,2023-01-21 10:00:23,"Hallwood","Hallwood 2 RL","Start trap & begin trapping","Not applicable","Trap functioning normally",NA,NA,1.10000002384186,"Yes",NA,NA,4,10.6000003814697
7,120,2023-01-22 09:30:59,"Hallwood","Hallwood 1 RR","Continue trapping","Processed fish","Trap functioning normally",3562,2.29999995231628,2.5,"Yes",NA,NA,4,8.5
7,124,2023-01-22 10:56:32,"Hallwood","Hallwood 2 RL","Continue trapping","Processed fish","Trap functioning normally",NA,1.5,1.70000004768372,"Yes",NA,NA,4,8.5
7,125,2023-01-23 09:20:10,"Hallwood","Hallwood 2 RL","Continue trapping","Processed fish","Trap functioning normally",3,1.79999995231628,1.70000004768372,"Yes",NA,NA,4,7.19999980926514
7,121,2023-01-23 09:30:29,"Hallwood","Hallwood 1 RR","Continue trapping","Processed fish","Trap functioning normally",3895,2.5,3.40000009536743,"Yes",NA,NA,4,7.19999980926514
7,122,2023-01-24 10:42:09,"Hallwood","Hallwood 1 RR","Continue trapping","Processed fish","Trap functioning normally",3705,2.70000004768372,3.40000009536743,"Yes",NA,NA,4,6.80000019073486
7,126,2023-01-24 11:10:14,"Hallwood","Hallwood 2 RL","Continue trapping","Processed fish","Trap functioning normally",2375,1.79999995231628,1.89999997615814,"Yes",NA,NA,4,6.80000019073486
7,128,2023-01-25 08:35:05,"Hallwood","Hallwood 1 RR","Continue trapping","Processed fish","Trap functioning normally",3135,3,3.20000004768372,"Yes",NA,NA,4,6.40000009536743
7,127,2023-01-25 08:50:47,"Hallwood","Hallwood 2 RL","Continue trapping","Processed fish","Trap functioning normally",1425,1.70000004768372,1.79999995231628,"Yes",NA,NA,4,6.40000009536743
7,129,2023-01-26 09:00:08,"Hallwood","Hallwood 1 RR","Continue trapping","Processed fish","Trap functioning normally",3562,2.5,NA,"Yes",NA,NA,9,7.80000019073486
7,130,2023-01-26 09:05:47,"Hallwood","Hallwood 2 RL","Continue trapping","Processed fish","Trap functioning normally",2375,1.39999997615814,NA,"Yes",NA,NA,9,7.80000019073486
7,131,2023-01-26 12:20:56,"Hallwood","Hallwood 3","Start trap & begin trapping","Not applicable","Trap functioning normally",NA,NA,3.5,"Yes",NA,NA,9,NA
7,132,2023-01-27 09:10:22,"Hallwood","Hallwood 1 RR","Continue trapping","Processed fish","Trap functioning normally",3372,2,2.79999995231628,"Yes",NA,NA,9,5.09999990463257
7,134,2023-01-27 09:10:30,"Hallwood","Hallwood 3","Continue trapping","Processed fish","Trap functioning normally",3847,3.59999990463257,5.09999990463257,"Yes",NA,NA,9,5.09999990463257
7,133,2023-01-27 09:20:00,"Hallwood","Hallwood 2 RL","Continue trapping","Processed fish","Trap functioning normally",1425,0.400000005960464,1,"Yes",NA,NA,9,5.09999990463257
7,135,2023-01-28 08:30:17,"Hallwood","Hallwood 3","Continue trapping","Processed fish","Trap functioning normally",3562,2.5,3.29999995231628,"Yes",NA,NA,7,4.5
7,137,2023-01-28 08:40:49,"Hallwood","Hallwood 1 RR","Continue trapping","Processed fish","Trap functioning normally",3182,2.70000004768372,2.59999990463257,"Yes",NA,NA,7,4.5
7,136,2023-01-28 09:10:58,"Hallwood","Hallwood 2 RL","Continue trapping","Processed fish","Trap functioning normally",1900,1.70000004768372,2,"Yes",NA,NA,7,4.5
7,140,2023-01-29 08:55:36,"Hallwood","Hallwood 1 RR","Continue trapping","Processed fish","Trap functioning normally",2612,1.39999997615814,1.5,"Yes",NA,NA,7,4.42000007629395
7,138,2023-01-29 09:00:17,"Hallwood","Hallwood 3","Continue trapping","Processed fish","Trap functioning normally",2327,0.899999976158142,1.20000004768372,"Yes",NA,NA,7,4.42000007629395
7,139,2023-01-29 09:20:14,"Hallwood","Hallwood 2 RL","Continue trapping","Processed fish","Trap functioning normally",2850,2.20000004768372,2,"Yes",NA,NA,7,4.42000007629395
7,143,2023-01-30 09:50:09,"Hallwood","Hallwood 3","Unplanned restart","Processed fish","Trap stopped functioning",1045,0,1.10000002384186,"Yes",NA,NA,9,3.72000002861023
7,142,2023-01-30 10:00:13,"Hallwood","Hallwood 2 RL","Continue trapping","Processed fish","Trap functioning normally",2850,2,2.5,"Yes",NA,NA,9,3.72000002861023
7,141,2023-01-30 10:10:38,"Hallwood","Hallwood 1 RR","Continue trapping","Processed fish","Trap functioning normally",2422,1.60000002384186,1.79999995231628,"Yes",NA,NA,9,3.72000002861023
7,146,2023-01-31 10:00:06,"Hallwood","Hallwood 3","Unplanned restart","Processed fish","Trap stopped functioning",1045,0,1.39999997615814,"Yes",NA,NA,9,3.60999989509583
7,144,2023-01-31 10:10:02,"Hallwood","Hallwood 1 RR","Continue trapping","Processed fish","Trap functioning normally",2280,2.09999990463257,1.70000004768372,"Yes",NA,NA,9,3.60999989509583
7,145,2023-01-31 10:20:44,"Hallwood","Hallwood 2 RL","Continue trapping","Processed fish","Trap functioning normally",3325,1.70000004768372,2.20000004768372,"Yes",NA,NA,9,3.60999989509583
7,147,2023-02-01 09:30:11,"Hallwood","Hallwood 1 RR","Continue trapping","Processed fish","Trap functioning normally",2422,1.70000004768372,1.70000004768372,"Yes",NA,NA,9,3.15000009536743
7,149,2023-02-01 09:37:13,"Hallwood","Hallwood 3","Continue trapping","Processed fish","Trap functioning normally",1425,1.20000004768372,1.20000004768372,"Yes",NA,NA,9,3.15000009536743
7,148,2023-02-01 09:52:12,"Hallwood","Hallwood 2 RL","Continue trapping","Processed fish","Trap functioning normally",2375,1.89999997615814,2.20000004768372,"Yes",NA,NA,9,3.15000009536743
7,150,2023-02-02 09:15:36,"Hallwood","Hallwood 1 RR","Continue trapping","Processed fish","Trap functioning normally",2327,1.89999997615814,1.39999997615814,"Yes",NA,NA,9,2.99000000953674
7,151,2023-02-02 09:20:16,"Hallwood","Hallwood 3","Continue trapping","Processed fish","Trap functioning normally",1520,0.899999976158142,2.99000000953674,"Yes",NA,NA,9,2.99000000953674
7,152,2023-02-02 09:30:35,"Hallwood","Hallwood 2 RL","Continue trapping","Processed fish","Trap functioning normally",2850,1.60000002384186,2.29999995231628,"Yes",NA,NA,9,2.99000000953674
7,155,2023-02-03 09:25:33,"Hallwood","Hallwood 3","Continue trapping","Processed fish","Trap functioning normally",1805,1.70000004768372,1.70000004768372,"Yes",NA,NA,10,2.52999997138977
7,153,2023-02-03 09:30:32,"Hallwood","Hallwood 1 RR","Continue trapping","Processed fish","Trap functioning normally",4750,1.70000004768372,1.70000004768372,"Yes",NA,NA,10,2.52999997138977
7,154,2023-02-03 09:40:12,"Hallwood","Hallwood 2 RL","Continue trapping","Processed fish","Trap functioning normally",3325,2.20000004768372,2.20000004768372,"Yes",NA,NA,10,2.52999997138977
7,158,2023-02-04 09:25:55,"Hallwood","Hallwood 3","Continue trapping","Processed fish","Trap functioning normally",1947,1.70000004768372,1.5,"Yes",NA,NA,9,2.83999991416931
7,156,2023-02-04 09:30:07,"Hallwood","Hallwood 1 RR","Continue trapping","Processed fish","Trap functioning normally",2422,1.5,1.70000004768372,"Yes",NA,NA,9,2.83999991416931
7,157,2023-02-04 09:48:55,"Hallwood","Hallwood 2 RL","Continue trapping","Processed fish","Trap functioning normally",3325,2.29999995231628,2.29999995231628,"Yes",NA,NA,9,2.83999991416931
7,159,2023-02-05 09:02:42,"Hallwood","Hallwood 3","Continue trapping","Processed fish","Trap functioning normally",1900,1.20000004768372,1.20000004768372,"Yes",NA,NA,9,3.25
7,161,2023-02-05 09:15:32,"Hallwood","Hallwood 1 RR","Continue trapping","Processed fish","Trap functioning normally",2707,2.09999990463257,2,"Yes",NA,NA,9,3.25
7,160,2023-02-05 09:40:26,"Hallwood","Hallwood 2 RL","Continue trapping","Processed fish","Trap functioning normally",3325,2.59999990463257,2.70000004768372,"Yes",NA,NA,NA,NA
7,162,2023-02-06 10:10:32,"Hallwood","Hallwood 3","Continue trapping","Processed fish","Trap functioning normally",2375,2.90000009536743,2.59999990463257,"Yes",NA,NA,9,2.88000011444092
7,164,2023-02-06 10:20:56,"Hallwood","Hallwood 1 RR","Continue trapping","Processed fish","Trap functioning normally",3135,2.5,2.09999990463257,"Yes",NA,NA,9,2.88000011444092
7,163,2023-02-06 10:30:13,"Hallwood","Hallwood 2 RL","Continue trapping","Processed fish","Trap functioning normally",3325,2.79999995231628,2.5,"Yes",NA,NA,9,2.88000011444092
7,167,2023-02-07 09:40:33,"Hallwood","Hallwood 3","Continue trapping","Processed fish","Trap functioning normally",3942,3.20000004768372,3.29999995231628,"Yes",NA,NA,11,2.82999992370605
7,165,2023-02-07 09:55:22,"Hallwood","Hallwood 1 RR","Continue trapping","Processed fish","Trap functioning normally",3135,2.40000009536743,2.5,"Yes",NA,NA,11,2.82999992370605
7,166,2023-02-07 10:10:18,"Hallwood","Hallwood 2 RL","Continue trapping","Processed fish","Trap functioning normally",3325,2.40000009536743,2.40000009536743,"Yes",NA,NA,11,2.82999992370605
7,179,2023-02-08 09:10:58,"Hallwood","Hallwood 3","Continue trapping","Processed fish","Trap functioning normally",3800,2.5,3,"Yes",NA,NA,11,2.74000000953674
7,172,2023-02-08 09:15:32,"Hallwood","Hallwood 2 RL","Continue trapping","Processed fish","Trap functioning normally",2850,2.40000009536743,2.40000009536743,"Yes",NA,NA,11,2.74000000953674
7,168,2023-02-08 09:30:03,"Hallwood","Hallwood 1 RR","Continue trapping","Processed fish","Trap functioning normally",3230,2.5,2.5,"Yes",NA,NA,11,2.74000000953674
7,180,2023-02-09 08:35:43,"Hallwood","Hallwood 3","Continue trapping","Processed fish","Trap functioning normally",2802,1.39999997615814,1.20000004768372,"Yes",NA,NA,10,2.40000009536743
7,169,2023-02-09 09:00:03,"Hallwood","Hallwood 1 RR","Continue trapping","Processed fish","Trap functioning normally",2945,2.09999990463257,2,"Yes",NA,NA,10,2.40000009536743
7,173,2023-02-09 09:10:17,"Hallwood","Hallwood 2 RL","Continue trapping","Processed fish","Trap functioning normally",2850,2.20000004768372,2.5,"Yes",NA,NA,10,2.40000009536743
7,181,2023-02-10 09:00:41,"Hallwood","Hallwood 3","Continue trapping","Processed fish","Trap functioning normally",1900,0.899999976158142,0.899999976158142,"Yes",NA,NA,NA,2.65000009536743
7,170,2023-02-10 09:15:00,"Hallwood","Hallwood 1 RR","Continue trapping","Processed fish","Trap functioning normally",2897,1.79999995231628,2,"Yes",NA,NA,NA,2.65000009536743
7,174,2023-02-10 09:25:44,"Hallwood","Hallwood 2 RL","Continue trapping","Processed fish","Trap functioning normally",3325,2,2.09999990463257,"Yes",NA,NA,NA,2.65000009536743
7,182,2023-02-11 09:45:45,"Hallwood","Hallwood 3","Continue trapping","Processed fish","Trap functioning normally",1710,1.39999997615814,1.20000004768372,"Yes",NA,NA,8,3.09999990463257
7,171,2023-02-11 09:51:22,"Hallwood","Hallwood 1 RR","Continue trapping","Processed fish","Trap functioning normally",2850,2,1.89999997615814,"Yes",NA,NA,8,3.09999990463257
7,175,2023-02-11 10:17:55,"Hallwood","Hallwood 2 RL","Continue trapping","Processed fish","Trap functioning normally",3325,2.70000004768372,2.59999990463257,"Yes",NA,NA,8,3.09999990463257
7,183,2023-02-12 09:15:33,"Hallwood","Hallwood 3","Continue trapping","Processed fish","Trap functioning normally",1567,1,0.899999976158142,"Yes",NA,NA,7,3.29999995231628
7,186,2023-02-12 09:27:23,"Hallwood","Hallwood 1 RR","Continue trapping","Processed fish","Trap functioning normally",2612,1.89999997615814,2,"Yes",NA,NA,7,3.29999995231628
7,176,2023-02-12 09:45:53,"Hallwood","Hallwood 2 RL","Continue trapping","Processed fish","Trap functioning normally",2850,2.40000009536743,2.09999990463257,"Yes",NA,NA,7,3.29999995231628
7,184,2023-02-13 09:39:43,"Hallwood","Hallwood 3","Continue trapping","Processed fish","Trap functioning normally",1377,1.20000004768372,1.5,"Yes",NA,NA,8,3.10999989509583
7,187,2023-02-13 09:47:48,"Hallwood","Hallwood 1 RR","Continue trapping","Processed fish","Trap functioning normally",2660,1.89999997615814,2.09999990463257,"Yes",NA,NA,8,3.10999989509583
7,177,2023-02-13 10:09:35,"Hallwood","Hallwood 2 RL","Continue trapping","Processed fish","Trap functioning normally",2850,1.89999997615814,1.89999997615814,"Yes",NA,NA,8,3.10999989509583
7,185,2023-02-14 09:01:44,"Hallwood","Hallwood 3","Continue trapping","Processed fish","Trap functioning normally",1567,1.5,1.89999997615814,"Yes",NA,NA,7,2.54999995231628
7,188,2023-02-14 09:36:32,"Hallwood","Hallwood 1 RR","Continue trapping","Processed fish","Trap functioning normally",2565,1.60000002384186,1.89999997615814,"Yes",NA,NA,7,2.54999995231628
7,178,2023-02-14 09:46:12,"Hallwood","Hallwood 2 RL","Continue trapping","Processed fish","Trap functioning normally",2850,2.20000004768372,2.40000009536743,"Yes",NA,NA,7,2.54999995231628
7,193,2023-02-15 08:30:13,"Hallwood","Hallwood 3","Continue trapping","Processed fish","Trap functioning normally",2422,1.70000004768372,1.70000004768372,"Yes",NA,NA,7,2.35999989509583
7,189,2023-02-15 08:44:09,"Hallwood","Hallwood 1 RR","Continue trapping","Processed fish","Trap functioning normally",2327,1.70000004768372,1.89999997615814,"Yes",NA,NA,7,2.35999989509583
7,191,2023-02-15 09:08:47,"Hallwood","Hallwood 2 RL","Continue trapping","Processed fish","Trap functioning normally",3800,2.09999990463257,2.29999995231628,"Yes",NA,NA,7,2.35999989509583
7,194,2023-02-16 09:00:56,"Hallwood","Hallwood 3","Continue trapping","Processed fish","Trap functioning normally",2137,1.5,1.10000002384186,"Yes",NA,NA,7,2.30999994277954
7,190,2023-02-16 09:20:51,"Hallwood","Hallwood 1 RR","Continue trapping","Processed fish","Trap functioning normally",2612,1.89999997615814,2,"Yes",NA,NA,7,2.30999994277954
7,192,2023-02-16 09:35:11,"Hallwood","Hallwood 2 RL","Continue trapping","Processed fish","Trap functioning normally",1900,2,1.70000004768372,"Yes",NA,NA,7,2.30999994277954
7,207,2023-02-17 10:37:23,"Hallwood","Hallwood 3","Continue trapping","Processed fish","Trap functioning normally",1805,1.20000004768372,1.20000004768372,"Yes",NA,NA,7,2.44000005722046
7,195,2023-02-17 10:45:23,"Hallwood","Hallwood 1 RR","Continue trapping","Processed fish","Trap functioning normally",2802,1.89999997615814,1.70000004768372,"Yes",NA,NA,7,2.44000005722046
7,201,2023-02-17 10:57:19,"Hallwood","Hallwood 2 RL","Continue trapping","Processed fish","Trap functioning normally",2850,2.40000009536743,2.20000004768372,"Yes",NA,NA,7,2.44000005722046
7,208,2023-02-18 09:30:26,"Hallwood","Hallwood 3","Continue trapping","Processed fish","Trap functioning normally",1615,1.10000002384186,1.20000004768372,"Yes",NA,NA,7,2.38000011444092
7,196,2023-02-18 09:37:19,"Hallwood","Hallwood 1 RR","Continue trapping","Processed fish","Trap functioning normally",2375,1.5,1.70000004768372,"Yes",NA,NA,7,2.38000011444092
7,202,2023-02-18 09:56:31,"Hallwood","Hallwood 2 RL","Continue trapping","Processed fish","Trap functioning normally",2850,2.20000004768372,2.5,"Yes",NA,NA,7,2.38000011444092
7,209,2023-02-19 09:45:02,"Hallwood","Hallwood 3","Continue trapping","Processed fish","Trap functioning normally",1900,1.20000004768372,1.60000002384186,"Yes",NA,NA,7,2.51999998092651
7,197,2023-02-19 09:49:28,"Hallwood","Hallwood 1 RR","Continue trapping","Processed fish","Trap functioning normally",2090,1.79999995231628,1.60000002384186,"Yes",NA,NA,7,2.51999998092651
7,203,2023-02-19 10:07:05,"Hallwood","Hallwood 2 RL","Continue trapping","Processed fish","Trap functioning normally",3325,2.40000009536743,2.20000004768372,"Yes",NA,NA,7,2.51999998092651
7,204,2023-02-20 08:48:40,"Hallwood","Hallwood 2 RL","Continue trapping","Processed fish","Trap functioning normally",2850,2,1.70000004768372,"Yes",NA,NA,8,2.38000011444092
7,210,2023-02-20 09:04:47,"Hallwood","Hallwood 3","Continue trapping","Processed fish","Trap functioning normally",1852,1.20000004768372,1.10000002384186,"Yes",NA,NA,8,2.38000011444092
7,198,2023-02-20 09:14:54,"Hallwood","Hallwood 1 RR","Continue trapping","Processed fish","Trap functioning normally",2280,1.5,1.70000004768372,"Yes",NA,NA,8,2.38000011444092
7,211,2023-02-21 08:55:35,"Hallwood","Hallwood 3","Continue trapping","Processed fish","Trap functioning normally",2185,1.20000004768372,1.39999997615814,"Yes",NA,NA,7,1.70000004768372
7,199,2023-02-21 09:04:06,"Hallwood","Hallwood 1 RR","Continue trapping","Processed fish","Trap functioning normally",1947,1.5,1.5,"Yes",NA,NA,7,1.70000004768372
7,205,2023-02-21 09:20:45,"Hallwood","Hallwood 2 RL","Continue trapping","Processed fish","Trap functioning normally",1900,1.60000002384186,1.39999997615814,"Yes",NA,NA,7,1.70000004768372
7,212,2023-02-22 10:10:29,"Hallwood","Hallwood 3","Continue trapping","Processed fish","Trap functioning normally",3135,2,1.89999997615814,"Yes",NA,NA,7,1.75
7,200,2023-02-22 10:20:37,"Hallwood","Hallwood 1 RR","Continue trapping","Processed fish","Trap functioning normally",1567,1.20000004768372,0.899999976158142,"Yes",NA,NA,7,1.75
7,206,2023-02-22 10:34:16,"Hallwood","Hallwood 2 RL","Continue trapping","Processed fish","Trap functioning normally",1425,0.600000023841858,0.699999988079071,"Yes",NA,NA,7,1.75
7,229,2023-02-23 08:35:47,"Hallwood","Hallwood 3","Continue trapping","Processed fish","Trap functioning normally",2470,0.600000023841858,2.09999990463257,"Yes",NA,NA,7,1.57000005245209
7,213,2023-02-23 08:43:10,"Hallwood","Hallwood 1 RR","Continue trapping","Processed fish","Trap functioning normally",1425,1.20000004768372,1.20000004768372,"Yes",NA,NA,7,1.57000005245209
7,217,2023-02-23 09:00:59,"Hallwood","Hallwood 2 RL","Continue trapping","Processed fish","Trap functioning normally",950,0.699999988079071,0.800000011920929,"Yes",NA,NA,7,1.57000005245209
7,218,2023-02-24 10:50:59,"Hallwood","Hallwood 2 RL","Continue trapping","Processed fish","Trap functioning normally",1425,2.59999990463257,2,"Yes",NA,NA,7.5,1.70000004768372
7,230,2023-02-24 11:00:14,"Hallwood","Hallwood 3","Continue trapping","Processed fish","Trap functioning normally",2992,1.5,1.29999995231628,"Yes",NA,NA,7.5,1.70000004768372
7,214,2023-02-24 11:28:02,"Hallwood","Hallwood 1 RR","Continue trapping","Processed fish","Trap functioning normally",1947,1.5,1.39999997615814,"Yes",NA,NA,7.5,1.70000004768372
7,231,2023-02-25 09:45:39,"Hallwood","Hallwood 3","Continue trapping","Processed fish","Trap functioning normally",3087,2.59999990463257,2.09999990463257,"Yes",NA,NA,7.5,1.64999997615814
7,215,2023-02-25 09:47:15,"Hallwood","Hallwood 1 RR","Continue trapping","Processed fish","Trap functioning normally",1615,1.20000004768372,1.20000004768372,"Yes",NA,NA,7.5,1.64999997615814
7,219,2023-02-25 10:04:23,"Hallwood","Hallwood 2 RL","Continue trapping","Processed fish","Trap functioning normally",1425,1,1.29999995231628,"Yes",NA,NA,7.5,1.64999997615814
7,232,2023-02-26 09:45:42,"Hallwood","Hallwood 3","Continue trapping","Processed fish","Trap functioning normally",3040,1.89999997615814,2.29999995231628,"Yes",NA,NA,7.5,1.29999995231628
7,216,2023-02-26 09:52:31,"Hallwood","Hallwood 1 RR","Continue trapping","Processed fish","Trap functioning normally",NA,1.20000004768372,1.29999995231628,"Yes",NA,NA,7.5,1.29999995231628
7,220,2023-02-26 10:07:34,"Hallwood","Hallwood 2 RL","Continue trapping","Processed fish","Trap functioning normally",1425,0.899999976158142,1.10000002384186,"Yes",NA,NA,7.5,1.29999995231628
7,233,2023-02-27 10:15:22,"Hallwood","Hallwood 3","Unplanned restart","Processed fish","Trap stopped functioning",1852,0,1.20000004768372,"Yes",NA,NA,7.5,8.96000003814697
7,221,2023-02-27 10:30:04,"Hallwood","Hallwood 2 RL","Continue trapping","Processed fish","Trap functioning normally",2375,2.40000009536743,2.29999995231628,"Yes",NA,NA,7.5,8.96000003814697
7,226,2023-02-27 10:50:33,"Hallwood","Hallwood 1 RR","Continue trapping","Processed fish","Trap functioning normally",2422,2.29999995231628,2.29999995231628,"Yes",NA,NA,7.5,8.96000003814697
7,234,2023-02-28 09:05:43,"Hallwood","Hallwood 3","Continue trapping","Processed fish","Trap functioning normally",2755,2.40000009536743,2.5,"Yes",NA,NA,7,4.28999996185303
7,227,2023-02-28 09:23:54,"Hallwood","Hallwood 1 RR","Continue trapping","Processed fish","Trap functioning normally",3135,2.59999990463257,2.79999995231628,"Yes",NA,NA,7,4.28999996185303
7,222,2023-02-28 09:40:08,"Hallwood","Hallwood 2 RL","Continue trapping","Processed fish","Trap functioning normally",2850,1.5,1.60000002384186,"Yes",NA,NA,7,4.28999996185303
7,235,2023-03-01 10:00:53,"Hallwood","Hallwood 3","Unplanned restart","Processed fish","Trap stopped functioning",1900,0,6.69999980926514,"Yes",NA,NA,6.5,7.76999998092651
7,239,2023-03-01 10:20:24,"Hallwood","Hallwood 1 RR","Continue trapping","Processed fish","Trap functioning normally",3610,2.09999990463257,1.5,"Yes",NA,NA,6.5,7.76999998092651
7,223,2023-03-01 10:30:23,"Hallwood","Hallwood 2 RL","Continue trapping","Processed fish","Trap functioning normally",2850,2.40000009536743,2.79999995231628,"Yes",NA,NA,6.5,7.76999998092651
7,236,2023-03-02 08:45:39,"Hallwood","Hallwood 3","Continue trapping","Processed fish","Trap functioning normally",5937,3.5,4.40000009536743,"Yes",NA,NA,7,3.52999997138977
7,240,2023-03-02 08:50:35,"Hallwood","Hallwood 1 RR","Continue trapping","Processed fish","Trap functioning normally",3277,1.70000004768372,1.89999997615814,"Yes",NA,NA,7,3.52999997138977
7,224,2023-03-02 09:10:51,"Hallwood","Hallwood 2 RL","Continue trapping","Processed fish","Trap functioning normally",2375,1.89999997615814,1.89999997615814,"Yes",NA,NA,7,3.52999997138977
7,237,2023-03-03 10:00:06,"Hallwood","Hallwood 3","Continue trapping","Processed fish","Trap functioning normally",5937,4,3.90000009536743,"Yes",NA,NA,7,3.33999991416931
7,241,2023-03-03 10:10:17,"Hallwood","Hallwood 1 RR","Continue trapping","Processed fish","Trap functioning normally",3657,2.09999990463257,2.40000009536743,"Yes",NA,NA,7,3.33999991416931
7,225,2023-03-03 10:30:34,"Hallwood","Hallwood 2 RL","Continue trapping","Processed fish","Trap functioning normally",2850,1.79999995231628,2,"Yes",NA,NA,7,3.33999991416931
7,238,2023-03-04 09:40:58,"Hallwood","Hallwood 3","Continue trapping","Processed fish","Trap functioning normally",4322,3.70000004768372,3.09999990463257,"Yes",NA,NA,8,3.02999997138977
7,242,2023-03-04 09:50:01,"Hallwood","Hallwood 1 RR","Continue trapping","Processed fish","Trap functioning normally",3325,2.40000009536743,2.40000009536743,"Yes",NA,NA,8,3.02999997138977
7,228,2023-03-04 10:10:25,"Hallwood","Hallwood 2 RL","Continue trapping","Processed fish","Trap functioning normally",1900,1,1.5,"Yes",NA,NA,8,3.02999997138977
7,278,2023-03-05 09:14:06,"Hallwood","Hallwood 3","Continue trapping","Processed fish","Trap functioning normally",3182,2.59999990463257,3.20000004768372,"Yes",NA,NA,7,3.52999997138977
7,243,2023-03-05 09:15:10,"Hallwood","Hallwood 1 RR","Continue trapping","Processed fish","Trap functioning normally",3657,2.90000009536743,2.70000004768372,"Yes",NA,NA,7,3.52999997138977
7,259,2023-03-05 09:35:38,"Hallwood","Hallwood 2 RL","Continue trapping","Processed fish","Trap functioning normally",1900,1.5,1.79999995231628,"Yes",NA,NA,7,3.52999997138977
7,279,2023-03-06 09:25:03,"Hallwood","Hallwood 3","Continue trapping","Processed fish","Trap functioning normally",4987,3,4.19999980926514,"Yes",NA,NA,8,3.14000010490417
7,244,2023-03-06 09:30:15,"Hallwood","Hallwood 1 RR","Continue trapping","Processed fish","Trap functioning normally",3562,2.20000004768372,3,"Yes",NA,NA,8,3.14000010490417
7,260,2023-03-06 09:37:49,"Hallwood","Hallwood 2 RL","Continue trapping","Processed fish","Trap functioning normally",2850,2.59999990463257,2.29999995231628,"Yes",NA,NA,8,3.14000010490417
7,280,2023-03-07 09:20:27,"Hallwood","Hallwood 3","Continue trapping","Processed fish","Trap functioning normally",5937,4.69999980926514,4.09999990463257,"Yes",NA,NA,8,2.82999992370605
7,245,2023-03-07 09:25:49,"Hallwood","Hallwood 1 RR","Continue trapping","Processed fish","Trap functioning normally",3610,2.59999990463257,2.5,"Yes",NA,NA,8,2.82999992370605
7,261,2023-03-07 09:40:55,"Hallwood","Hallwood 2 RL","Continue trapping","Processed fish","Trap functioning normally",2850,1.89999997615814,2,"Yes",NA,NA,8,2.82999992370605
7,281,2023-03-08 09:55:52,"Hallwood","Hallwood 3","End trapping","Processed fish","Trap functioning normally",6507,4.69999980926514,3.5,"Yes",NA,NA,8,4.03000020980835
7,246,2023-03-08 10:02:31,"Hallwood","Hallwood 1 RR","Continue trapping","Processed fish","Trap functioning normally",3800,2.79999995231628,3,"Yes",NA,NA,8,4.03000020980835
7,262,2023-03-08 10:15:58,"Hallwood","Hallwood 2 RL","Continue trapping","Processed fish","Trap functioning normally",3325,2.70000004768372,2,"Yes",NA,NA,8,4.03000020980835
7,247,2023-03-09 09:30:24,"Hallwood","Hallwood 1 RR","Continue trapping","Processed fish","Trap functioning normally",2992,2.70000004768372,3.40000009536743,"Yes",NA,NA,8,6.94999980926514
7,263,2023-03-09 09:50:48,"Hallwood","Hallwood 2 RL","Continue trapping","Processed fish","Trap functioning normally",2375,1.5,1.10000002384186,"Yes",NA,NA,8,6.94999980926514
7,248,2023-03-10 09:20:56,"Hallwood","Hallwood 1 RR","End trapping","Processed fish","Trap functioning normally",4370,0.899999976158142,NA,"Yes",NA,NA,8,17.5
7,264,2023-03-10 09:40:50,"Hallwood","Hallwood 2 RL","End trapping","Processed fish","Trap functioning normally",1900,1.29999995231628,NA,"Yes",NA,NA,8,17.5
7,249,2023-03-11 12:00:07,"Hallwood","Hallwood 1 RR","Service/adjust/clean trap","Not applicable","Trap not in service",NA,NA,NA,"Yes",NA,NA,7,13.3000001907349
7,265,2023-03-11 12:00:08,"Hallwood","Hallwood 2 RL","Service/adjust/clean trap","Not applicable","Trap not in service",NA,NA,NA,"Yes",NA,NA,7,13.3000001907349
7,282,2023-03-11 12:00:11,"Hallwood","Hallwood 3","Service/adjust/clean trap","Not applicable","Trap not in service",NA,NA,NA,"Yes",NA,NA,7,13.3000001907349
7,250,2023-03-12 12:00:08,"Hallwood","Hallwood 1 RR","Service/adjust/clean trap","Not applicable","Trap not in service",NA,NA,NA,"Yes",NA,NA,8,16.7000007629395
7,266,2023-03-12 12:00:23,"Hallwood","Hallwood 2 RL","Service/adjust/clean trap","Not applicable","Trap not in service",NA,NA,NA,"Yes",NA,NA,8,16.7000007629395
7,283,2023-03-12 12:00:51,"Hallwood","Hallwood 3","Service/adjust/clean trap","Not applicable","Trap not in service",NA,NA,NA,"Yes",NA,NA,8,16.7000007629395
7,251,2023-03-13 12:00:13,"Hallwood","Hallwood 1 RR","Service/adjust/clean trap","Not applicable","Trap not in service",NA,NA,NA,"Yes",NA,NA,8,20.2999992370605
7,267,2023-03-13 12:00:17,"Hallwood","Hallwood 2 RL","Service/adjust/clean trap","Not applicable","Trap not in service",NA,NA,NA,"Yes",NA,NA,8,20.2999992370605
7,284,2023-03-13 12:00:47,"Hallwood","Hallwood 3","Service/adjust/clean trap","Not applicable","Trap not in service",NA,NA,NA,"Yes",NA,NA,8,20.2999992370605
7,252,2023-03-14 12:00:08,"Hallwood","Hallwood 1 RR","Service/adjust/clean trap","Not applicable","Trap not in service",NA,NA,NA,"Yes",NA,NA,8,25.2000007629395
7,268,2023-03-14 12:00:09,"Hallwood","Hallwood 2 RL","Service/adjust/clean trap","Not applicable","Trap not in service",NA,NA,NA,"Yes",NA,NA,8,25.2000007629395
7,285,2023-03-14 12:00:37,"Hallwood","Hallwood 3","Service/adjust/clean trap","Not applicable","Trap not in service",NA,NA,NA,"Yes",NA,NA,8,25.2000007629395
7,253,2023-03-15 12:00:05,"Hallwood","Hallwood 1 RR","Service/adjust/clean trap","Not applicable","Trap not in service",NA,NA,NA,"Yes",NA,NA,8,28.1000003814697
7,286,2023-03-15 12:00:21,"Hallwood","Hallwood 3","Service/adjust/clean trap","Not applicable","Trap not in service",NA,NA,NA,"Yes",NA,NA,8,28.1000003814697
7,269,2023-03-15 12:00:38,"Hallwood","Hallwood 2 RL","Service/adjust/clean trap","Not applicable","Trap not in service",NA,NA,NA,"Yes",NA,NA,8,28.1000003814697
7,254,2023-03-16 10:27:01,"Hallwood","Hallwood 1 RR","Start trap & begin trapping","Not applicable","Trap functioning normally",NA,NA,NA,"Yes",NA,NA,8,39.4000015258789
7,287,2023-03-16 12:00:09,"Hallwood","Hallwood 3","Service/adjust/clean trap","Not applicable","Trap not in service",NA,NA,NA,"Yes",NA,NA,8,39.4000015258789
7,270,2023-03-16 12:00:31,"Hallwood","Hallwood 2 RL","Service/adjust/clean trap","Not applicable","Trap not in service",NA,NA,NA,"Yes",NA,NA,8,39.4000015258789
7,255,2023-03-17 09:50:36,"Hallwood","Hallwood 1 RR","Continue trapping","Processed fish","Trap functioning normally",1900,2.09999990463257,1.89999997615814,"Yes",NA,NA,9,30.7999992370605
7,271,2023-03-17 12:00:32,"Hallwood","Hallwood 2 RL","Service/adjust/clean trap","Not applicable","Trap not in service",NA,NA,NA,"Yes",NA,NA,9,30.7999992370605
7,288,2023-03-17 12:00:50,"Hallwood","Hallwood 3","Service/adjust/clean trap","Not applicable","Trap not in service",NA,NA,NA,"Yes",NA,NA,9,30.7999992370605
7,256,2023-03-18 09:53:26,"Hallwood","Hallwood 1 RR","Continue trapping","Processed fish","Trap functioning normally",2707,1.60000002384186,2.09999990463257,"Yes",NA,NA,9,20.7000007629395
7,272,2023-03-18 12:00:27,"Hallwood","Hallwood 2 RL","Service/adjust/clean trap","Not applicable","Trap not in service",NA,NA,NA,"Yes",NA,NA,9,20.7000007629395
7,289,2023-03-18 12:00:45,"Hallwood","Hallwood 3","Service/adjust/clean trap","Not applicable","Trap not in service",NA,NA,NA,"Yes",NA,NA,9,20.7000007629395
7,257,2023-03-19 09:57:38,"Hallwood","Hallwood 1 RR","Continue trapping","Processed fish","Trap functioning normally",3990,2.5,2.40000009536743,"Yes",NA,NA,9,8.77999973297119
7,274,2023-03-19 12:00:05,"Hallwood","Hallwood 2 RL","Service/adjust/clean trap","Not applicable","Trap not in service",NA,NA,NA,"Yes",NA,NA,9,8.77999973297119
7,273,2023-03-19 12:00:15,"Hallwood","Hallwood 2 RL","Service/adjust/clean trap","Not applicable","Trap not in service",NA,NA,NA,"Yes",NA,NA,9,8.77999973297119
7,290,2023-03-19 12:00:42,"Hallwood","Hallwood 3","Service/adjust/clean trap","Not applicable","Trap not in service",NA,NA,NA,"Yes",NA,NA,9,8.77999973297119
7,275,2023-03-20 09:11:43,"Hallwood","Hallwood 2 RL","Service/adjust/clean trap","Not applicable","Trap not in service",NA,NA,NA,"Yes",NA,NA,9,7.92000007629395
7,258,2023-03-20 09:47:00,"Hallwood","Hallwood 1 RR","Continue trapping","Processed fish","Trap functioning normally",2707,2.20000004768372,2.40000009536743,"Yes",NA,NA,9,7.92000007629395
7,291,2023-03-20 12:00:25,"Hallwood","Hallwood 3","Start trap & begin trapping","Not applicable","Trap functioning normally",NA,NA,3.29999995231628,"Yes",NA,NA,9,7.92000007629395
7,277,2023-03-21 09:30:18,"Hallwood","Hallwood 1 RR","Continue trapping","Processed fish","Trap functioning normally",1947,2,2.5,"Yes",NA,NA,9,9.64999961853027
7,292,2023-03-21 09:37:31,"Hallwood","Hallwood 3","Continue trapping","Processed fish","Trap functioning normally",4085,3.79999995231628,5.19999980926514,"Yes",NA,NA,9,9.64999961853027
7,276,2023-03-21 12:00:03,"Hallwood","Hallwood 2 RL","Service/adjust/clean trap","Not applicable","Trap not in service",NA,NA,NA,"Yes",NA,NA,9,9.64999961853027
7,305,2023-03-22 09:45:37,"Hallwood","Hallwood 3","Continue trapping","Processed fish","Trap functioning normally",7172,4.19999980926514,4.19999980926514,"Yes",NA,NA,9,9.01000022888184
7,293,2023-03-22 09:55:12,"Hallwood","Hallwood 1 RR","Continue trapping","Processed fish","Trap functioning normally",3277,2.20000004768372,3.20000004768372,"Yes",NA,NA,9,9.01000022888184
7,299,2023-03-22 12:00:22,"Hallwood","Hallwood 2 RL","Service/adjust/clean trap","Not applicable","Trap not in service",NA,NA,NA,"Yes",NA,NA,9,9.01000022888184
7,306,2023-03-23 09:45:11,"Hallwood","Hallwood 3","Continue trapping","Processed fish","Trap functioning normally",2945,4.69999980926514,4.19999980926514,"Yes",NA,NA,9,8.36999988555908
7,294,2023-03-23 09:55:09,"Hallwood","Hallwood 1 RR","Continue trapping","Processed fish","Trap functioning normally",4370,3.09999990463257,3.40000009536743,"Yes",NA,NA,9,8.36999988555908
7,300,2023-03-23 12:00:49,"Hallwood","Hallwood 2 RL","Service/adjust/clean trap","Not applicable","Trap not in service",NA,NA,NA,"Yes",NA,NA,9,8.36999988555908
7,307,2023-03-24 08:50:51,"Hallwood","Hallwood 3","Continue trapping","Processed fish","Trap functioning normally",5890,4.90000009536743,5.30000019073486,"Yes",NA,NA,9,8.02000045776367
7,295,2023-03-24 09:10:17,"Hallwood","Hallwood 1 RR","Continue trapping","Processed fish","Trap functioning normally",4750,3.5,4.09999990463257,"Yes",NA,NA,9,8.02000045776367
7,301,2023-03-24 12:00:39,"Hallwood","Hallwood 2 RL","Service/adjust/clean trap","Not applicable","Trap not in service",NA,NA,NA,"Yes",NA,NA,9,8.02000045776367
7,308,2023-03-25 09:38:56,"Hallwood","Hallwood 3","Continue trapping","Processed fish","Trap functioning normally",5747,6.09999990463257,6.80000019073486,"Yes",NA,NA,8,7.15000009536743
7,296,2023-03-25 09:57:40,"Hallwood","Hallwood 1 RR","Continue trapping","Processed fish","Trap functioning normally",5415,3,3.5,"Yes",NA,NA,8,7.15000009536743
7,302,2023-03-25 12:00:24,"Hallwood","Hallwood 2 RL","Service/adjust/clean trap","Not applicable","Trap not in service",NA,NA,NA,"Yes",NA,NA,8,7.15000009536743
7,309,2023-03-26 09:30:19,"Hallwood","Hallwood 3","Continue trapping","Processed fish","Trap functioning normally",7410,5.5,5.5,"Yes",NA,NA,8,6.30999994277954
7,297,2023-03-26 09:45:20,"Hallwood","Hallwood 1 RR","Continue trapping","Processed fish","Trap functioning normally",4465,2.40000009536743,2.79999995231628,"Yes",NA,NA,8,6.30999994277954
7,303,2023-03-26 12:00:14,"Hallwood","Hallwood 2 RL","Service/adjust/clean trap","Not applicable","Trap not in service",NA,NA,NA,"Yes",NA,NA,8,6.30999994277954
7,298,2023-03-27 10:05:10,"Hallwood","Hallwood 1 RR","Continue trapping","Processed fish","Trap functioning normally",4132,3.29999995231628,3.29999995231628,"Yes",NA,NA,NA,NA
7,310,2023-03-27 10:20:39,"Hallwood","Hallwood 3","End trapping","Processed fish","Trap functioning normally",NA,2.79999995231628,NA,"Yes",NA,NA,9,4.65999984741211
7,304,2023-03-27 12:26:02,"Hallwood","Hallwood 2 RL","Start trap & begin trapping","Not applicable","Trap functioning normally",NA,NA,1.79999995231628,"Yes",NA,NA,8,4.65999984741211
7,311,2023-03-28 09:10:50,"Hallwood","Hallwood 1 RR","Continue trapping","Processed fish","Trap functioning normally",3990,2.59999990463257,3.79999995231628,"Yes",NA,NA,9,5.15000009536743
7,317,2023-03-28 09:20:52,"Hallwood","Hallwood 2 RL","Continue trapping","Processed fish","Trap functioning normally",1425,1.5,1.39999997615814,"Yes",NA,NA,9,5.15000009536743
7,325,2023-03-28 12:00:04,"Hallwood","Hallwood 3","Service/adjust/clean trap","Not applicable","Trap not in service",NA,NA,NA,"Yes",NA,NA,9,5.15000009536743
7,312,2023-03-29 10:03:12,"Hallwood","Hallwood 1 RR","Continue trapping","Processed fish","Trap functioning normally",4180,2.70000004768372,2.70000004768372,"Yes",NA,NA,9,7.40000009536743
7,319,2023-03-29 10:10:56,"Hallwood","Hallwood 2 RL","Continue trapping","Processed fish","Trap functioning normally",1900,1.39999997615814,1.60000002384186,"Yes",NA,NA,NA,NA
7,326,2023-03-29 12:00:19,"Hallwood","Hallwood 3","Service/adjust/clean trap","Not applicable","Trap not in service",NA,NA,NA,"Yes",NA,NA,9,7.40000009536743
7,313,2023-03-30 09:00:13,"Hallwood","Hallwood 1 RR","Continue trapping","Processed fish","Trap functioning normally",2612,2.40000009536743,2.09999990463257,"Yes",NA,NA,8,5.78000020980835
7,320,2023-03-30 09:09:18,"Hallwood","Hallwood 2 RL","Continue trapping","Processed fish","Trap functioning normally",1425,1.10000002384186,0.899999976158142,"Yes",NA,NA,8,5.78000020980835
7,327,2023-03-30 12:00:23,"Hallwood","Hallwood 3","Service/adjust/clean trap","Not applicable","Trap not in service",NA,NA,NA,"Yes",NA,NA,8,5.78000020980835
7,314,2023-03-31 09:20:59,"Hallwood","Hallwood 1 RR","Continue trapping","Processed fish","Trap functioning normally",3325,2.09999990463257,2.40000009536743,"Yes",NA,NA,8,5.59999990463257
7,321,2023-03-31 09:35:10,"Hallwood","Hallwood 2 RL","Continue trapping","Processed fish","Trap functioning normally",1425,1.10000002384186,1.39999997615814,"Yes",NA,NA,8,5.59999990463257
7,328,2023-03-31 12:00:17,"Hallwood","Hallwood 3","Service/adjust/clean trap","Not applicable","Trap not in service",NA,NA,NA,"Yes",NA,NA,8,5.59999990463257
7,315,2023-04-01 09:11:26,"Hallwood","Hallwood 1 RR","Continue trapping","Processed fish","Trap functioning normally",3467,2.09999990463257,2.79999995231628,"Yes",NA,NA,9,4.82999992370605
7,322,2023-04-01 09:25:52,"Hallwood","Hallwood 2 RL","Continue trapping","Processed fish","Trap functioning normally",950,1,1.10000002384186,"Yes",NA,NA,9,4.82999992370605
7,329,2023-04-01 12:00:45,"Hallwood","Hallwood 3","Service/adjust/clean trap","Not applicable","Trap not in service",NA,NA,NA,"Yes",NA,NA,9,4.82999992370605
7,316,2023-04-02 09:35:48,"Hallwood","Hallwood 1 RR","Continue trapping","Processed fish","Trap functioning normally",3847,2.5,2.59999990463257,"Yes",NA,NA,8,4.46999979019165
7,323,2023-04-02 09:50:27,"Hallwood","Hallwood 2 RL","Continue trapping","Processed fish","Trap functioning normally",1425,1,0.899999976158142,"Yes",NA,NA,8,4.46999979019165
7,330,2023-04-02 12:00:34,"Hallwood","Hallwood 3","Service/adjust/clean trap","Not applicable","Trap not in service",NA,NA,NA,"Yes",NA,NA,8,4.46999979019165
7,318,2023-04-03 09:22:49,"Hallwood","Hallwood 1 RR","Continue trapping","Processed fish","Trap functioning normally",3752,3.20000004768372,3,"Yes",NA,NA,8,4.63000011444092
7,324,2023-04-03 09:25:09,"Hallwood","Hallwood 2 RL","Continue trapping","Processed fish","Trap functioning normally",950,1.60000002384186,1.60000002384186,"Yes",NA,NA,8,4.63000011444092
7,331,2023-04-03 12:00:17,"Hallwood","Hallwood 3","Service/adjust/clean trap","Not applicable","Trap not in service",NA,NA,NA,"Yes",NA,NA,8,4.63000011444092
7,332,2023-04-04 08:30:57,"Hallwood","Hallwood 1 RR","Continue trapping","Processed fish","Trap functioning normally",3657,2.79999995231628,2.5,"Yes",NA,NA,9,3.44000005722046
7,334,2023-04-04 08:50:36,"Hallwood","Hallwood 2 RL","Continue trapping","Processed fish","Trap functioning normally",1425,0.600000023841858,1.20000004768372,"Yes",NA,NA,9,3.44000005722046
7,336,2023-04-04 12:00:15,"Hallwood","Hallwood 3","Service/adjust/clean trap","Not applicable","Trap not in service",NA,NA,NA,"Yes",NA,NA,9,3.44000005722046
7,333,2023-04-05 10:10:02,"Hallwood","Hallwood 1 RR","Continue trapping","Processed fish","Trap functioning normally",3800,2.59999990463257,3.09999990463257,"Yes",NA,NA,9,3.61999988555908
7,335,2023-04-05 10:20:07,"Hallwood","Hallwood 2 RL","Continue trapping","Processed fish","Trap functioning normally",950,1.39999997615814,1.60000002384186,"Yes",NA,NA,9,3.61999988555908
7,337,2023-04-05 12:00:25,"Hallwood","Hallwood 3","Service/adjust/clean trap","Not applicable","Trap not in service",NA,NA,NA,"Yes",NA,NA,9,3.61999988555908
7,338,2023-04-06 09:20:14,"Hallwood","Hallwood 1 RR","Continue trapping","Processed fish","Trap functioning normally",3372,3.20000004768372,3.09999990463257,"Yes",NA,NA,8,3.63000011444092
7,344,2023-04-06 09:35:12,"Hallwood","Hallwood 2 RL","Continue trapping","Processed fish","Trap functioning normally",1425,1.5,1,"Yes",NA,NA,8,3.63000011444092
7,350,2023-04-06 12:00:09,"Hallwood","Hallwood 3","Service/adjust/clean trap","Not applicable","Trap not in service",NA,NA,NA,"Yes",NA,NA,8,3.63000011444092
7,339,2023-04-07 09:10:44,"Hallwood","Hallwood 1 RR","Continue trapping","Processed fish","Trap functioning normally",3562,2.79999995231628,3,"Yes",NA,NA,8.5,3.30999994277954
7,345,2023-04-07 09:25:23,"Hallwood","Hallwood 2 RL","Continue trapping","Processed fish","Trap functioning normally",1425,0.899999976158142,0.800000011920929,"Yes",NA,NA,8.5,3.30999994277954
7,351,2023-04-07 12:00:34,"Hallwood","Hallwood 3","Service/adjust/clean trap","Not applicable","Trap not in service",NA,NA,NA,"Yes",NA,NA,8.5,3.30999994277954
7,340,2023-04-08 08:45:23,"Hallwood","Hallwood 1 RR","Continue trapping","Processed fish","Trap functioning normally",3372,2,2.70000004768372,"Yes",NA,NA,8.5,3.67000007629395
7,346,2023-04-08 08:50:48,"Hallwood","Hallwood 2 RL","Continue trapping","Processed fish","Trap functioning normally",950,1.20000004768372,1.20000004768372,"Yes",NA,NA,8.5,3.67000007629395
7,352,2023-04-08 12:00:27,"Hallwood","Hallwood 3","Service/adjust/clean trap","Not applicable","Trap not in service",NA,NA,NA,"Yes",NA,NA,8.5,3.67000007629395
7,353,2023-04-09 00:00:33,"Hallwood","Hallwood 3","Service/adjust/clean trap","Not applicable","Trap not in service",NA,NA,NA,"Yes",NA,NA,9,2.8199999332428
7,341,2023-04-09 07:20:02,"Hallwood","Hallwood 1 RR","Continue trapping","Processed fish","Trap functioning normally",3230,2.40000009536743,2.5,"Yes",NA,NA,9,2.8199999332428
7,347,2023-04-09 07:30:13,"Hallwood","Hallwood 2 RL","Continue trapping","Processed fish","Trap functioning normally",1425,1.20000004768372,1.10000002384186,"Yes",NA,NA,9,2.8199999332428
7,342,2023-04-10 09:55:58,"Hallwood","Hallwood 1 RR","Continue trapping","Processed fish","Trap functioning normally",3610,3,2.70000004768372,"Yes",NA,NA,8.5,3.53999996185303
7,348,2023-04-10 10:05:15,"Hallwood","Hallwood 2 RL","Continue trapping","Processed fish","Trap functioning normally",1425,1.20000004768372,1.60000002384186,"Yes",NA,NA,8.5,3.53999996185303
7,354,2023-04-10 12:00:21,"Hallwood","Hallwood 3","Service/adjust/clean trap","Not applicable","Trap not in service",NA,NA,NA,"Yes",NA,NA,8.5,3.53999996185303
7,343,2023-04-11 09:45:56,"Hallwood","Hallwood 1 RR","Continue trapping","Processed fish","Trap functioning normally",3277,2.59999990463257,2.90000009536743,"Yes",NA,NA,11,2.74000000953674
7,349,2023-04-11 09:52:07,"Hallwood","Hallwood 2 RL","Continue trapping","Processed fish","Trap functioning normally",1900,1.10000002384186,1.10000002384186,"Yes",NA,NA,11,2.74000000953674
7,355,2023-04-11 12:00:33,"Hallwood","Hallwood 3","Service/adjust/clean trap","Not applicable","Trap not in service",NA,NA,NA,"Yes",NA,NA,11,2.74000000953674
7,356,2023-04-12 10:55:01,"Hallwood","Hallwood 1 RR","Continue trapping","Processed fish","Trap functioning normally",3420,3.29999995231628,3.09999990463257,"Yes",NA,NA,11,2.29999995231628
7,357,2023-04-12 11:05:32,"Hallwood","Hallwood 2 RL","Continue trapping","Processed fish","Trap functioning normally",1900,1,1.29999995231628,"Yes",NA,NA,11,2.29999995231628
7,358,2023-04-12 12:00:22,"Hallwood","Hallwood 3","Service/adjust/clean trap","Not applicable","Trap not in service",NA,NA,NA,"Yes",NA,NA,11,2.29999995231628
7,359,2023-04-13 09:34:35,"Hallwood","Hallwood 1 RR","Continue trapping","Processed fish","Trap functioning normally",3325,3.90000009536743,4,"Yes",NA,NA,8.5,2.46000003814697
7,362,2023-04-13 09:41:41,"Hallwood","Hallwood 2 RL","Continue trapping","Processed fish","Trap functioning normally",1900,1,1.5,"Yes",NA,NA,8.30000019073486,2.46000003814697
7,365,2023-04-13 12:00:49,"Hallwood","Hallwood 3","Service/adjust/clean trap","Not applicable","Trap not in service",NA,NA,NA,"Yes",NA,NA,8.5,2.46000003814697
7,363,2023-04-14 11:04:56,"Hallwood","Hallwood 2 RL","Continue trapping","Processed fish","Trap functioning normally",1900,1.39999997615814,1.29999995231628,"Yes",NA,NA,9,2.53999996185303
7,360,2023-04-14 11:20:29,"Hallwood","Hallwood 1 RR","Continue trapping","Processed fish","Trap functioning normally",3657,3.70000004768372,2.90000009536743,"Yes",NA,NA,9,2.53999996185303
7,366,2023-04-14 12:00:55,"Hallwood","Hallwood 3","Service/adjust/clean trap","Not applicable","Trap not in service",NA,NA,NA,"Yes",NA,NA,9,2.53999996185303
7,364,2023-04-15 09:05:25,"Hallwood","Hallwood 2 RL","Continue trapping","Processed fish","Trap functioning normally",1425,1.79999995231628,1.60000002384186,"Yes",NA,NA,11,2.15000009536743
7,361,2023-04-15 09:20:02,"Hallwood","Hallwood 1 RR","Continue trapping","Processed fish","Trap functioning normally",2897,2.90000009536743,2.70000004768372,"Yes",NA,NA,11,2.15000009536743
7,367,2023-04-15 12:00:49,"Hallwood","Hallwood 3","Service/adjust/clean trap","Not applicable","Trap not in service",NA,NA,NA,"Yes",NA,NA,11,2.15000009536743
7,374,2023-04-16 09:50:59,"Hallwood","Hallwood 2 RL","Continue trapping","Processed fish","Trap functioning normally",2375,2.59999990463257,2.29999995231628,"Yes",NA,NA,10,2.72000002861023
7,368,2023-04-16 10:05:00,"Hallwood","Hallwood 1 RR","Continue trapping","Processed fish","Trap functioning normally",3752,3.40000009536743,3.09999990463257,"Yes",NA,NA,10,2.72000002861023
7,380,2023-04-16 12:00:51,"Hallwood","Hallwood 3","Service/adjust/clean trap","Not applicable","Trap not in service",NA,NA,NA,"Yes",NA,NA,10,2.72000002861023
7,369,2023-04-17 10:28:42,"Hallwood","Hallwood 1 RR","Continue trapping","Processed fish","Trap functioning normally",2802,2.90000009536743,2.59999990463257,"Yes",NA,NA,9,2.64000010490417
7,375,2023-04-17 10:34:01,"Hallwood","Hallwood 2 RL","Continue trapping","Processed fish","Trap functioning normally",2375,1.79999995231628,2,"Yes",NA,NA,9,2.64000010490417
7,381,2023-04-17 11:40:05,"Hallwood","Hallwood 3","Start trap & begin trapping","Not applicable","Trap functioning normally",NA,NA,5.09999990463257,"Yes",NA,NA,9,2.64000010490417
7,382,2023-04-18 10:15:10,"Hallwood","Hallwood 3","Continue trapping","Processed fish","Trap functioning normally",7505,6.19999980926514,5.19999980926514,"Yes",NA,NA,10,1.88999998569489
7,370,2023-04-18 10:30:39,"Hallwood","Hallwood 1 RR","Continue trapping","Processed fish","Trap functioning normally",NA,2.5,2.40000009536743,"Yes",NA,NA,10,1.88999998569489
7,376,2023-04-18 10:40:50,"Hallwood","Hallwood 2 RL","Continue trapping","Processed fish","Trap functioning normally",1900,1.60000002384186,1.39999997615814,"Yes",NA,NA,10,1.88999998569489
7,383,2023-04-19 10:02:42,"Hallwood","Hallwood 3","Continue trapping","Processed fish","Trap functioning normally",7932,5,5.69999980926514,"Yes",NA,NA,10,2.25999999046326
7,371,2023-04-19 10:13:56,"Hallwood","Hallwood 1 RR","Continue trapping","Processed fish","Trap functioning normally",3087,2.90000009536743,2.79999995231628,"Yes",NA,NA,10,2.25999999046326
7,377,2023-04-19 10:21:38,"Hallwood","Hallwood 2 RL","Continue trapping","Processed fish","Trap functioning normally",1900,1,1.20000004768372,"Yes",NA,NA,10,2.25999999046326
7,378,2023-04-20 10:10:38,"Hallwood","Hallwood 2 RL","Continue trapping","Processed fish","Trap functioning normally",1425,1.29999995231628,1.5,"Yes",NA,NA,9,2.10999989509583
7,372,2023-04-20 10:28:48,"Hallwood","Hallwood 1 RR","Continue trapping","Processed fish","Trap functioning normally",3420,2.90000009536743,2.40000009536743,"Yes",NA,NA,9,2.10999989509583
7,384,2023-04-20 10:50:41,"Hallwood","Hallwood 3","Continue trapping","Processed fish","Trap functioning normally",9215,6.80000019073486,6.5,"Yes",NA,NA,9,2.10999989509583
7,385,2023-04-21 08:53:40,"Hallwood","Hallwood 3","Continue trapping","Processed fish","Trap functioning normally",8740,6.80000019073486,7,"Yes",NA,NA,9,2.03999996185303
7,373,2023-04-21 08:58:14,"Hallwood","Hallwood 1 RR","Continue trapping","Processed fish","Trap functioning normally",3227,2.79999995231628,3.09999990463257,"Yes",NA,NA,9,2.03999996185303
7,379,2023-04-21 09:13:51,"Hallwood","Hallwood 2 RL","Continue trapping","Processed fish","Trap functioning normally",1425,1.20000004768372,1.89999997615814,"Yes",NA,NA,9,2.03999996185303
7,390,2023-04-22 09:32:02,"Hallwood","Hallwood 3","Continue trapping","Processed fish","Trap functioning normally",10022,6.40000009536743,6.40000009536743,"Yes",NA,NA,9,2.41000008583069
7,386,2023-04-22 09:48:38,"Hallwood","Hallwood 1 RR","Continue trapping","Processed fish","Trap functioning normally",3942,2.70000004768372,2.79999995231628,"Yes",NA,NA,9,2.41000008583069
7,388,2023-04-22 09:58:10,"Hallwood","Hallwood 2 RL","Continue trapping","Processed fish","Trap functioning normally",1900,1.29999995231628,1.10000002384186,"Yes",NA,NA,9,2.41000008583069
7,391,2023-04-23 09:52:25,"Hallwood","Hallwood 3","Continue trapping","Processed fish","Trap functioning normally",9072,7.80000019073486,6.69999980926514,"Yes",NA,NA,9.5,1.87999999523163
7,387,2023-04-23 09:57:40,"Hallwood","Hallwood 1 RR","Continue trapping","Processed fish","Trap functioning normally",3467,1.89999997615814,2.09999990463257,"Yes",NA,NA,9.5,1.87999999523163
7,389,2023-04-23 10:08:32,"Hallwood","Hallwood 2 RL","Continue trapping","Processed fish","Trap functioning normally",1900,1,1,"Yes",NA,NA,9.5,1.87999999523163
7,404,2023-04-24 09:06:16,"Hallwood","Hallwood 3","Unplanned restart","Processed fish","Trap stopped functioning",4845,0,5,"Yes",NA,NA,9.5,2.25999999046326
7,392,2023-04-24 09:19:49,"Hallwood","Hallwood 1 RR","Continue trapping","Processed fish","Trap functioning normally",3087,1.39999997615814,1.70000004768372,"Yes",NA,NA,9.5,2.25999999046326
7,398,2023-04-24 09:34:22,"Hallwood","Hallwood 2 RL","Continue trapping","Processed fish","Trap functioning normally",1425,1.39999997615814,1.20000004768372,"Yes",NA,NA,9.5,2.25999999046326
7,405,2023-04-25 08:30:39,"Hallwood","Hallwood 3","Continue trapping","Processed fish","Trap functioning normally",6127,5.40000009536743,6.40000009536743,"Yes",NA,NA,9,2.69000005722046
7,393,2023-04-25 08:45:10,"Hallwood","Hallwood 1 RR","Continue trapping","Processed fish","Trap functioning normally",2945,1.89999997615814,2.20000004768372,"Yes",NA,NA,9,2.69000005722046
7,399,2023-04-25 08:48:52,"Hallwood","Hallwood 2 RL","Continue trapping","Processed fish","Trap functioning normally",1425,0.699999988079071,1.39999997615814,"Yes",NA,NA,9,2.69000005722046
7,406,2023-04-26 10:01:26,"Hallwood","Hallwood 3","Continue trapping","Processed fish","Trap functioning normally",7742,4.30000019073486,4.5,"Yes",NA,NA,10,2.35999989509583
7,394,2023-04-26 10:23:06,"Hallwood","Hallwood 1 RR","Continue trapping","Processed fish","Trap functioning normally",3420,2.20000004768372,2.09999990463257,"Yes",NA,NA,10,2.35999989509583
7,400,2023-04-26 10:34:58,"Hallwood","Hallwood 2 RL","Continue trapping","Processed fish","Trap functioning normally",950,0.699999988079071,0.899999976158142,"Yes",NA,NA,10,2.35999989509583
7,583,2023-04-27 11:28:43,"Hallwood","Hallwood 3","Continue trapping","Processed fish","Trap functioning normally",7980,4.40000009536743,6.09999990463257,"Yes",NA,NA,10.5,2.40000009536743
7,410,2023-04-27 11:50:56,"Hallwood","Hallwood 1 RR","Continue trapping","Processed fish","Trap functioning normally",3467,1.79999995231628,2.5,"Yes",NA,NA,10.5,2.40000009536743
7,418,2023-04-27 12:05:55,"Hallwood","Hallwood 2 RL","Continue trapping","Processed fish","Trap functioning normally",1900,1,1.70000004768372,"Yes",NA,NA,10.5,2.40000009536743
7,407,2023-04-28 09:30:26,"Hallwood","Hallwood 3","Continue trapping","Processed fish","Trap functioning normally",6602,5.19999980926514,6.30000019073486,"Yes",NA,NA,11,3.45000004768372
7,395,2023-04-28 09:45:40,"Hallwood","Hallwood 1 RR","Continue trapping","Processed fish","Trap functioning normally",3040,2.09999990463257,2,"Yes",NA,NA,11,3.45000004768372
7,401,2023-04-28 10:06:10,"Hallwood","Hallwood 2 RL","Continue trapping","Processed fish","Trap functioning normally",1425,0.400000005960464,0.600000023841858,"Yes",NA,NA,11,3.45000004768372
7,408,2023-04-29 11:37:27,"Hallwood","Hallwood 3","Continue trapping","Processed fish","Trap functioning normally",7505,5.59999990463257,3.5,"Yes",NA,NA,11,3.04999995231628
7,396,2023-04-29 11:51:24,"Hallwood","Hallwood 1 RR","Continue trapping","Processed fish","Trap functioning normally",3277,1.70000004768372,1.39999997615814,"Yes",NA,NA,11,3.04999995231628
7,402,2023-04-29 12:05:39,"Hallwood","Hallwood 2 RL","Continue trapping","Processed fish","Trap functioning normally",1425,0.800000011920929,0.400000005960464,"Yes",NA,NA,11,3.04999995231628
7,409,2023-04-30 09:40:01,"Hallwood","Hallwood 3","Continue trapping","Processed fish","Trap functioning normally",1710,2.09999990463257,1.20000004768372,"Yes",NA,NA,11,5.80000019073486
7,397,2023-04-30 09:50:23,"Hallwood","Hallwood 1 RR","Continue trapping","Processed fish","Trap functioning normally",2280,1.60000002384186,1.79999995231628,"Yes",NA,NA,11,5.80000019073486
7,403,2023-04-30 10:03:33,"Hallwood","Hallwood 2 RL","Continue trapping","Processed fish","Trap functioning normally",475,0.100000001490116,0.699999988079071,"Yes",NA,NA,11,5.80000019073486
7,425,2023-05-01 09:55:59,"Hallwood","Hallwood 3","Continue trapping","No fish were caught","Trap functioning, but not normally",1235,0.600000023841858,0.649999976158142,"Yes",NA,NA,10,3.21000003814697
7,411,2023-05-01 10:10:44,"Hallwood","Hallwood 1 RR","Continue trapping","Processed fish","Trap functioning normally",3230,2.79999995231628,2.5,"Yes",NA,NA,10,3.21000003814697
7,419,2023-05-01 10:20:55,"Hallwood","Hallwood 2 RL","Continue trapping","Processed fish","Trap functioning normally",950,0.800000011920929,0.5,"Yes",NA,NA,10,3.21000003814697
7,426,2023-05-02 09:40:02,"Hallwood","Hallwood 3","Continue trapping","Processed fish","Trap functioning normally",1567,2.09999990463257,1.39999997615814,"Yes",NA,NA,10,3.74000000953674
7,412,2023-05-02 09:54:02,"Hallwood","Hallwood 1 RR","Continue trapping","Processed fish","Trap functioning normally",2707,1.89999997615814,2.40000009536743,"Yes",NA,NA,10,3.74000000953674
7,420,2023-05-02 10:06:54,"Hallwood","Hallwood 2 RL","Unplanned restart","Processed fish","Trap stopped functioning",475,0,0.400000005960464,"Yes",NA,NA,10,3.74000000953674
7,427,2023-05-03 11:43:02,"Hallwood","Hallwood 3","End trapping","Processed fish","Trap functioning normally",2897,2.70000004768372,NA,"Yes",NA,NA,11,3.89000010490417
7,413,2023-05-03 12:05:12,"Hallwood","Hallwood 1 RR","Continue trapping","Processed fish","Trap functioning normally",3087,3.29999995231628,2.09999990463257,"Yes",NA,NA,11,3.89000010490417
7,421,2023-05-03 12:38:20,"Hallwood","Hallwood 2 RL","Continue trapping","Processed fish","Trap functioning normally",475,0.200000002980232,1.10000002384186,"Yes",NA,NA,11,3.89000010490417
7,414,2023-05-04 10:11:12,"Hallwood","Hallwood 1 RR","Continue trapping","Processed fish","Trap functioning normally",2082,1.39999997615814,2.09999990463257,"Yes",NA,NA,9,3.25
7,591,2023-05-04 10:51:03,"Hallwood","Hallwood 2 RL","Continue trapping","Processed fish","Trap functioning normally",1425,0.699999988079071,1.29999995231628,"Yes",NA,NA,9,3.25
7,415,2023-05-05 09:30:31,"Hallwood","Hallwood 1 RR","Continue trapping","Processed fish","Trap functioning normally",2992,2.59999990463257,2.09999990463257,"Yes",NA,NA,9,3.13000011444092
7,422,2023-05-05 10:18:19,"Hallwood","Hallwood 2 RL","Continue trapping","Processed fish","Trap functioning normally",1425,1.5,2,"Yes",NA,NA,9,3.13000011444092
7,428,2023-05-05 11:37:22,"Hallwood","Hallwood 3","Start trap & begin trapping","Not applicable","Trap functioning normally",NA,NA,NA,"Yes",NA,NA,9,3.13000011444092
7,584,2023-05-06 09:55:35,"Hallwood","Hallwood 3","Continue trapping","Processed fish","Trap functioning normally",5367,5.80000019073486,5.69999980926514,"Yes",NA,NA,9,2.84999990463257
7,416,2023-05-06 09:56:06,"Hallwood","Hallwood 1 RR","Continue trapping","Processed fish","Trap functioning normally",3325,2.09999990463257,2.09999990463257,"Yes",NA,NA,9,2.84999990463257
7,423,2023-05-06 10:04:03,"Hallwood","Hallwood 2 RL","Continue trapping","Processed fish","Trap functioning normally",1425,0.800000011920929,0.699999988079071,"Yes",NA,NA,9,2.84999990463257
7,429,2023-05-07 09:57:56,"Hallwood","Hallwood 3","Continue trapping","Processed fish","Trap functioning normally",7125,4.80000019073486,3.20000004768372,"Yes",NA,NA,9.5,2.45000004768372
7,417,2023-05-07 10:07:01,"Hallwood","Hallwood 1 RR","Continue trapping","Processed fish","Trap functioning normally",3182,2.29999995231628,2.79999995231628,"Yes",NA,NA,9.5,2.45000004768372
7,424,2023-05-07 10:16:43,"Hallwood","Hallwood 2 RL","Continue trapping","Processed fish","Trap functioning normally",1900,1,1.10000002384186,"Yes",NA,NA,9.5,2.45000004768372
7,446,2023-05-08 10:05:55,"Hallwood","Hallwood 3","Continue trapping","Processed fish","Trap functioning normally",6032,2.5,5.30000019073486,"Yes",NA,NA,9,2.07999992370605
7,430,2023-05-08 10:12:07,"Hallwood","Hallwood 1 RR","Continue trapping","Processed fish","Trap functioning normally",3420,2.90000009536743,2.20000004768372,"Yes",NA,NA,9,2.07999992370605
7,438,2023-05-08 10:20:02,"Hallwood","Hallwood 2 RL","Continue trapping","Processed fish","Trap functioning normally",1425,1.20000004768372,1.20000004768372,"Yes",NA,NA,9,2.07999992370605
7,447,2023-05-09 08:15:52,"Hallwood","Hallwood 3","Continue trapping","Processed fish","Trap functioning normally",6555,6.09999990463257,6.09999990463257,"Yes",NA,NA,10,2.44000005722046
7,431,2023-05-09 08:30:48,"Hallwood","Hallwood 1 RR","Continue trapping","Processed fish","Trap functioning normally",3040,2.40000009536743,2.90000009536743,"Yes",NA,NA,10,2.44000005722046
7,439,2023-05-09 08:36:31,"Hallwood","Hallwood 2 RL","Continue trapping","Processed fish","Trap functioning normally",1425,1.5,1.5,"Yes",NA,NA,10,2.44000005722046
7,440,2023-05-10 09:32:37,"Hallwood","Hallwood 2 RL","Continue trapping","Processed fish","Trap functioning normally",1900,1.20000004768372,1.39999997615814,"Yes",NA,NA,10,2.13000011444092
7,448,2023-05-10 09:40:23,"Hallwood","Hallwood 3","Continue trapping","Processed fish","Trap functioning normally",7600,3.79999995231628,3.79999995231628,"Yes",NA,NA,10,2.13000011444092
7,432,2023-05-10 09:45:12,"Hallwood","Hallwood 1 RR","Continue trapping","Processed fish","Trap functioning normally",3420,2.5,2.5,"Yes",NA,NA,10,NA
7,449,2023-05-11 08:55:20,"Hallwood","Hallwood 3","Continue trapping","Processed fish","Trap functioning normally",6412,5,5.30000019073486,"Yes",NA,NA,10,2.21000003814697
7,433,2023-05-11 09:05:26,"Hallwood","Hallwood 1 RR","Continue trapping","Processed fish","Trap functioning normally",3230,2.40000009536743,2.59999990463257,"Yes",NA,NA,10,2.21000003814697
7,441,2023-05-11 09:15:51,"Hallwood","Hallwood 2 RL","Continue trapping","Processed fish","Trap functioning normally",1425,1,1.20000004768372,"Yes",NA,NA,10,2.21000003814697
7,450,2023-05-12 08:46:44,"Hallwood","Hallwood 3","Continue trapping","Processed fish","Trap functioning normally",8075,6.5,4.69999980926514,"Yes",NA,NA,10,2.04999995231628
7,434,2023-05-12 08:52:57,"Hallwood","Hallwood 1 RR","Continue trapping","Processed fish","Trap functioning normally",3182,3.09999990463257,2.5,"Yes",NA,NA,10,2.04999995231628
7,442,2023-05-12 09:00:22,"Hallwood","Hallwood 2 RL","Continue trapping","Processed fish","Trap functioning normally",1425,1.89999997615814,1.10000002384186,"Yes",NA,NA,10,2.04999995231628
7,451,2023-05-13 09:19:04,"Hallwood","Hallwood 3","Continue trapping","Processed fish","Trap functioning normally",8407,6.19999980926514,3.79999995231628,"Yes",NA,NA,10,1.72000002861023
7,435,2023-05-13 09:27:58,"Hallwood","Hallwood 1 RR","Continue trapping","Processed fish","Trap functioning normally",3277,2.20000004768372,2.20000004768372,"Yes",NA,NA,NA,NA
7,443,2023-05-13 09:34:34,"Hallwood","Hallwood 2 RL","Continue trapping","Processed fish","Trap functioning normally",1900,0.600000023841858,1.10000002384186,"Yes",NA,NA,10,1.72000002861023
7,452,2023-05-14 08:26:00,"Hallwood","Hallwood 3","Continue trapping","Processed fish","Trap functioning normally",7315,6,3.29999995231628,"Yes",NA,NA,10.5,2.67000007629395
7,436,2023-05-14 08:39:23,"Hallwood","Hallwood 1 RR","Continue trapping","Processed fish","Trap functioning normally",2755,1.89999997615814,2.5,"Yes",NA,NA,10.5,2.67000007629395
7,444,2023-05-14 08:50:02,"Hallwood","Hallwood 2 RL","Continue trapping","Processed fish","Trap functioning normally",950,1.29999995231628,1.20000004768372,"Yes",NA,NA,10.5,2.67000007629395
7,453,2023-05-15 09:30:20,"Hallwood","Hallwood 3","Continue trapping","Processed fish","Trap functioning normally",3847,2,2.59999990463257,"Yes",NA,NA,10.5,1.71000003814697
7,437,2023-05-15 09:47:43,"Hallwood","Hallwood 1 RR","Continue trapping","Processed fish","Trap functioning normally",1900,2.20000004768372,2.20000004768372,"Yes",NA,NA,10.5,1.71000003814697
7,445,2023-05-15 09:56:52,"Hallwood","Hallwood 2 RL","Continue trapping","Processed fish","Trap functioning normally",1425,0.899999976158142,0.300000011920929,"Yes",NA,NA,NA,NA
7,454,2023-05-16 09:40:44,"Hallwood","Hallwood 3","Continue trapping","Processed fish","Trap functioning normally",3847,2.20000004768372,4.80000019073486,"Yes",NA,NA,11,4.44999980926514
7,458,2023-05-16 09:48:21,"Hallwood","Hallwood 1 RR","Continue trapping","Processed fish","Trap functioning normally",3420,1.5,1.5,"Yes",NA,NA,11,4.44999980926514
7,456,2023-05-16 09:54:35,"Hallwood","Hallwood 2 RL","Continue trapping","Processed fish","Trap functioning normally",950,0.300000011920929,0.699999988079071,"Yes",NA,NA,11,4.44999980926514
7,455,2023-05-17 09:27:31,"Hallwood","Hallwood 3","Continue trapping","Processed fish","Trap functioning normally",5700,2.79999995231628,3,"Yes",NA,NA,11,5.44000005722046
7,459,2023-05-17 09:40:37,"Hallwood","Hallwood 1 RR","Continue trapping","Processed fish","Trap functioning normally",2612,1.29999995231628,2,"Yes",NA,NA,11,5.44000005722046
7,457,2023-05-17 09:49:56,"Hallwood","Hallwood 2 RL","Continue trapping","Processed fish","Trap functioning normally",1425,1.29999995231628,1.20000004768372,"Yes",NA,NA,11,5.44000005722046
7,480,2023-05-18 09:38:49,"Hallwood","Hallwood 3","Continue trapping","Processed fish","Trap functioning normally",NA,1.79999995231628,2.29999995231628,"Yes",NA,NA,11,6.23000001907349
7,460,2023-05-18 09:48:27,"Hallwood","Hallwood 1 RR","Continue trapping","Processed fish","Trap functioning normally",3135,2,1.5,"Yes",NA,NA,11,6.23000001907349
7,472,2023-05-18 09:57:23,"Hallwood","Hallwood 2 RL","Continue trapping","No fish were caught","Trap functioning normally",1425,1.20000004768372,1.20000004768372,"Yes",NA,NA,11,6.23000001907349
7,473,2023-05-19 09:16:27,"Hallwood","Hallwood 2 RL","Continue trapping","Processed fish","Trap functioning normally",1425,1.10000002384186,0.899999976158142,"Yes",NA,NA,11.5,5.19000005722046
7,461,2023-05-19 09:22:18,"Hallwood","Hallwood 1 RR","Continue trapping","Processed fish","Trap functioning normally",2897,1.5,1.60000002384186,"Yes",NA,NA,11.5,5.19000005722046
7,481,2023-05-19 09:37:56,"Hallwood","Hallwood 3","Continue trapping","Processed fish","Trap functioning normally",4227,2,2.5,"Yes",NA,NA,11.5,5.19000005722046
7,482,2023-05-20 09:24:53,"Hallwood","Hallwood 3","Continue trapping","Processed fish","Trap functioning normally",2802,1.66999995708466,0.829999983310699,"Yes",NA,NA,11,5.1100001335144
7,462,2023-05-20 09:30:33,"Hallwood","Hallwood 1 RR","Continue trapping","Processed fish","Trap functioning normally",2422,1.39999997615814,2.40000009536743,"Yes",NA,NA,11,5.1100001335144
7,474,2023-05-20 09:36:38,"Hallwood","Hallwood 2 RL","Continue trapping","Processed fish","Trap functioning normally",1425,0.899999976158142,0.800000011920929,"Yes",NA,NA,11,5.1100001335144
7,483,2023-05-21 10:10:48,"Hallwood","Hallwood 3","Continue trapping","Processed fish","Trap functioning normally",2042,2,1.29999995231628,"Yes",NA,NA,11.5,4.21000003814697
7,463,2023-05-21 10:18:25,"Hallwood","Hallwood 1 RR","Continue trapping","Processed fish","Trap functioning normally",2802,1.89999997615814,2.40000009536743,"Yes",NA,NA,11.5,4.21000003814697
7,475,2023-05-21 10:23:44,"Hallwood","Hallwood 2 RL","Continue trapping","No fish were caught","Trap functioning normally",1425,1,1.20000004768372,"Yes",NA,NA,11.5,4.21000003814697
7,484,2023-05-22 10:08:16,"Hallwood","Hallwood 3","Continue trapping","Processed fish","Trap functioning normally",3942,2.20000004768372,3.20000004768372,"Yes",NA,NA,11,4.21000003814697
7,464,2023-05-22 10:13:42,"Hallwood","Hallwood 1 RR","Continue trapping","Processed fish","Trap functioning normally",2422,2.29999995231628,2.09999990463257,"Yes",NA,NA,11,4.21000003814697
7,476,2023-05-22 10:15:57,"Hallwood","Hallwood 2 RL","Continue trapping","No fish were caught","Trap functioning normally",1425,1,1.10000002384186,"Yes",NA,NA,11,4.21000003814697
7,485,2023-05-23 09:58:51,"Hallwood","Hallwood 3","Continue trapping","Processed fish","Trap functioning normally",3420,1.29999995231628,1.5,"Yes",NA,NA,11,2.16000008583069
7,465,2023-05-23 10:06:47,"Hallwood","Hallwood 1 RR","Continue trapping","Processed fish","Trap functioning normally",3040,2,2.20000004768372,"Yes",NA,NA,11,2.16000008583069
7,477,2023-05-23 10:17:57,"Hallwood","Hallwood 2 RL","Continue trapping","Processed fish","Trap functioning normally",475,0.800000011920929,0.600000023841858,"Yes",NA,NA,11,2.16000008583069
7,486,2023-05-24 09:47:25,"Hallwood","Hallwood 3","Continue trapping","Processed fish","Trap functioning normally",1900,1.39999997615814,1.89999997615814,"Yes",NA,NA,11,2.30999994277954
7,466,2023-05-24 09:52:44,"Hallwood","Hallwood 1 RR","Continue trapping","Processed fish","Trap functioning normally",3420,1.29999995231628,2,"Yes",NA,NA,11,2.30999994277954
7,478,2023-05-24 10:05:21,"Hallwood","Hallwood 2 RL","Continue trapping","Processed fish","Trap functioning normally",1900,0.899999976158142,0.899999976158142,"Yes",NA,NA,11,2.30999994277954
7,497,2023-05-25 09:38:46,"Hallwood","Hallwood 3","Continue trapping","Processed fish","Trap functioning normally",2232,1.5,1.5,"Yes",NA,NA,11,2.27999997138977
7,467,2023-05-25 09:42:23,"Hallwood","Hallwood 1 RR","Continue trapping","Processed fish","Trap functioning normally",3135,1.89999997615814,3.09999990463257,"Yes",NA,NA,11,2.27999997138977
7,479,2023-05-25 09:50:35,"Hallwood","Hallwood 2 RL","Continue trapping","Processed fish","Trap functioning normally",950,1.20000004768372,1.20000004768372,"Yes",NA,NA,11,2.27999997138977
7,498,2023-05-26 10:07:38,"Hallwood","Hallwood 3","Continue trapping","Processed fish","Trap functioning normally",1995,1.5,1.20000004768372,"Yes",NA,NA,4,3.61999988555908
7,468,2023-05-26 10:11:16,"Hallwood","Hallwood 1 RR","Continue trapping","Processed fish","Trap functioning normally",3135,2.20000004768372,2.29999995231628,"Yes",NA,NA,11,3.61999988555908
7,490,2023-05-26 10:17:38,"Hallwood","Hallwood 2 RL","Continue trapping","Processed fish","Trap functioning normally",1425,1,0.899999976158142,"Yes",NA,NA,11,3.61999988555908
7,499,2023-05-27 08:23:04,"Hallwood","Hallwood 3","Continue trapping","Processed fish","Trap functioning normally",1852,1.20000004768372,1.20000004768372,"Yes",NA,NA,11,3.25999999046326
7,469,2023-05-27 08:30:12,"Hallwood","Hallwood 1 RR","Continue trapping","Processed fish","Trap functioning normally",2755,0.699999988079071,1.89999997615814,"Yes",NA,NA,11,3.25999999046326
7,491,2023-05-27 08:40:51,"Hallwood","Hallwood 2 RL","Continue trapping","Processed fish","Trap functioning normally",950,0.899999976158142,0.600000023841858,"Yes",NA,NA,11,3.25999999046326
7,500,2023-05-28 09:19:16,"Hallwood","Hallwood 3","Continue trapping","Processed fish","Trap functioning normally",1375,2.29999995231628,1.70000004768372,"Yes",NA,NA,11,3.47000002861023
7,470,2023-05-28 09:23:55,"Hallwood","Hallwood 1 RR","Continue trapping","Processed fish","Trap functioning normally",3087,2.70000004768372,1.79999995231628,"Yes",NA,NA,11,3.47000002861023
7,492,2023-05-28 09:27:07,"Hallwood","Hallwood 2 RL","Continue trapping","No fish were caught","Trap functioning normally",1425,0.899999976158142,0.899999976158142,"Yes",NA,NA,11,3.47000002861023
7,471,2023-05-29 10:13:45,"Hallwood","Hallwood 1 RR","Continue trapping","Processed fish","Trap functioning normally",3040,2.70000004768372,2.5,"Yes",NA,NA,11,2.71000003814697
7,501,2023-05-29 10:15:12,"Hallwood","Hallwood 3","Continue trapping","Processed fish","Trap functioning normally",2327,0.800000011920929,0.800000011920929,"Yes",NA,NA,11,2.71000003814697
7,493,2023-05-29 10:20:26,"Hallwood","Hallwood 2 RL","Continue trapping","No fish were caught","Trap functioning normally",475,1.10000002384186,0.899999976158142,"Yes",NA,NA,11,2.71000003814697
7,502,2023-05-30 09:31:52,"Hallwood","Hallwood 3","Continue trapping","Processed fish","Trap functioning normally",1330,1.10000002384186,1.60000002384186,"Yes",NA,NA,11,4.67000007629395
7,494,2023-05-30 09:35:21,"Hallwood","Hallwood 2 RL","Continue trapping","Processed fish","Trap functioning normally",950,0.400000005960464,1.5,"Yes",NA,NA,11,4.67000007629395
7,487,2023-05-30 09:45:37,"Hallwood","Hallwood 1 RR","Continue trapping","Processed fish","Trap functioning normally",2992,1.89999997615814,2.90000009536743,"Yes",NA,NA,11,4.67000007629395
7,503,2023-05-31 09:28:45,"Hallwood","Hallwood 3","Continue trapping","Processed fish","Trap functioning normally",3657,3.5,3.79999995231628,"Yes",NA,NA,11,2.08999991416931
7,488,2023-05-31 09:33:53,"Hallwood","Hallwood 1 RR","Continue trapping","Processed fish","Trap functioning normally",2897,1.89999997615814,2.09999990463257,"Yes",NA,NA,11,2.08999991416931
7,495,2023-05-31 09:37:45,"Hallwood","Hallwood 2 RL","Continue trapping","Processed fish","Trap functioning normally",1425,0.800000011920929,1.10000002384186,"Yes",NA,NA,11,2.08999991416931
7,504,2023-06-01 09:29:24,"Hallwood","Hallwood 3","Continue trapping","Processed fish","Trap functioning normally",4987,2.70000004768372,2.29999995231628,"Yes",NA,NA,12,2.42000007629395
7,489,2023-06-01 09:35:24,"Hallwood","Hallwood 1 RR","Continue trapping","Processed fish","Trap functioning normally",2755,1.89999997615814,1.29999995231628,"Yes",NA,NA,12,2.42000007629395
7,496,2023-06-01 09:38:52,"Hallwood","Hallwood 2 RL","Continue trapping","Processed fish","Trap functioning normally",825,1.29999995231628,1.20000004768372,"Yes",NA,NA,12,2.42000007629395
7,505,2023-06-02 11:01:15,"Hallwood","Hallwood 1 RR","Continue trapping","Processed fish","Trap functioning normally",2992,2.09999990463257,2,"Yes",NA,NA,12,1.66999995708466
7,511,2023-06-02 11:09:15,"Hallwood","Hallwood 3","Continue trapping","Processed fish","Trap functioning normally",6127,5.69999980926514,4.80000019073486,"Yes",NA,NA,12,11.6700000762939
7,508,2023-06-02 11:17:40,"Hallwood","Hallwood 2 RL","Continue trapping","Processed fish","Trap functioning normally",1900,1.60000002384186,1.5,"Yes",NA,NA,12,1.66999995708466
7,506,2023-06-03 09:54:39,"Hallwood","Hallwood 1 RR","Continue trapping","Processed fish","Trap functioning normally",2707,1.89999997615814,2.59999990463257,"Yes",NA,NA,11,1.78999996185303
7,512,2023-06-03 09:57:22,"Hallwood","Hallwood 3","Continue trapping","Processed fish","Trap functioning normally",6935,4.59999990463257,5,"Yes",NA,NA,11,1.78999996185303
7,509,2023-06-03 10:06:33,"Hallwood","Hallwood 2 RL","Continue trapping","Processed fish","Trap functioning normally",950,1.29999995231628,1,"Yes",NA,NA,11,1.78999996185303
7,513,2023-06-04 10:17:16,"Hallwood","Hallwood 3","Continue trapping","Processed fish","Trap functioning normally",7220,6.5,5.80000019073486,"Yes",NA,NA,12,1.87000000476837
7,507,2023-06-04 10:21:02,"Hallwood","Hallwood 1 RR","Continue trapping","Processed fish","Trap functioning normally",2755,2,2.29999995231628,"Yes",NA,NA,12,1.87000000476837
7,510,2023-06-04 10:27:46,"Hallwood","Hallwood 2 RL","Continue trapping","Processed fish","Trap functioning normally",1425,0.800000011920929,1,"Yes",NA,NA,12,1.87000000476837
7,516,2023-06-05 10:52:36,"Hallwood","Hallwood 3","Continue trapping","Processed fish","Trap functioning normally",7172,5,5,"Yes",NA,NA,12,1.70000004768372
7,514,2023-06-05 10:55:33,"Hallwood","Hallwood 1 RR","Continue trapping","Processed fish","Trap functioning normally",2755,1.89999997615814,2,"Yes",NA,NA,12,1.70000004768372
7,515,2023-06-05 11:02:48,"Hallwood","Hallwood 2 RL","Continue trapping","Processed fish","Trap functioning normally",950,0.600000023841858,1.29999995231628,"Yes",NA,NA,12,1.70000004768372
7,517,2023-06-06 10:20:04,"Hallwood","Hallwood 1 RR","Continue trapping","Processed fish","Trap functioning normally",2470,1.60000002384186,1.89999997615814,"Yes",NA,NA,12,2.02999997138977
7,521,2023-06-06 10:20:42,"Hallwood","Hallwood 3","Continue trapping","Processed fish","Trap functioning normally",4227,2.09999990463257,2.29999995231628,"Yes",NA,NA,12,2.02999997138977
7,519,2023-06-06 10:25:19,"Hallwood","Hallwood 2 RL","Continue trapping","Processed fish","Trap functioning normally",1425,1.39999997615814,1.5,"Yes",NA,NA,12,2.02999997138977
7,522,2023-06-07 10:01:14,"Hallwood","Hallwood 3","Continue trapping","Processed fish","Trap functioning normally",4085,3.59999990463257,4.09999990463257,"Yes",NA,NA,12,2.17000007629395
7,518,2023-06-07 10:09:57,"Hallwood","Hallwood 1 RR","Continue trapping","Processed fish","Trap functioning normally",2470,1.79999995231628,1.89999997615814,"Yes",NA,NA,12,2.17000007629395
7,520,2023-06-07 10:12:43,"Hallwood","Hallwood 2 RL","Continue trapping","Processed fish","Trap functioning normally",1900,1.10000002384186,1.5,"Yes",NA,NA,12,2.17000007629395
7,523,2023-06-08 10:25:13,"Hallwood","Hallwood 1 RR","Continue trapping","Processed fish","Trap functioning normally",2517,1.5,1.79999995231628,"Yes",NA,NA,12,1.5900000333786
7,547,2023-06-08 10:25:16,"Hallwood","Hallwood 3","Continue trapping","Processed fish","Trap functioning normally",3847,2.5,1.5,"Yes",NA,NA,12,1.5900000333786
7,535,2023-06-08 10:25:20,"Hallwood","Hallwood 2 RL","Continue trapping","Processed fish","Trap functioning normally",1425,2.5,1.5,"Yes",NA,NA,12,1.5900000333786
7,548,2023-06-09 09:59:34,"Hallwood","Hallwood 3","Continue trapping","Processed fish","Trap functioning normally",3847,3,2,"Yes",NA,NA,12,1.62999999523163
7,524,2023-06-09 10:03:39,"Hallwood","Hallwood 1 RR","Continue trapping","Processed fish","Trap functioning normally",2470,1.39999997615814,3.40000009536743,"Yes",NA,NA,12,1.62999999523163
7,536,2023-06-09 10:10:28,"Hallwood","Hallwood 2 RL","Continue trapping","Processed fish","Trap functioning normally",1900,1,0.699999988079071,"Yes",NA,NA,12,1.62999999523163
7,549,2023-06-10 10:52:01,"Hallwood","Hallwood 3","Continue trapping","Processed fish","Trap functioning normally",NA,5.80000019073486,4.09999990463257,"Yes",NA,NA,12,2.02999997138977
7,525,2023-06-10 10:54:32,"Hallwood","Hallwood 1 RR","Continue trapping","Processed fish","Trap functioning normally",2517,1.70000004768372,2.5,"Yes",NA,NA,12,2.02999997138977
7,537,2023-06-10 11:02:35,"Hallwood","Hallwood 2 RL","Continue trapping","Processed fish","Trap functioning normally",1425,0.699999988079071,0.899999976158142,"Yes",NA,NA,12,2.02999997138977
7,550,2023-06-11 09:58:04,"Hallwood","Hallwood 3","Continue trapping","Processed fish","Trap functioning normally",5795,4.09999990463257,3,"Yes",NA,NA,12,1.74000000953674
7,526,2023-06-11 10:05:25,"Hallwood","Hallwood 1 RR","Continue trapping","Processed fish","Trap functioning normally",2327,1.20000004768372,2.40000009536743,"Yes",NA,NA,12,1.74000000953674
7,538,2023-06-11 10:11:52,"Hallwood","Hallwood 2 RL","Continue trapping","Processed fish","Trap functioning normally",950,0.600000023841858,0.699999988079071,"Yes",NA,NA,12,1.74000000953674
7,551,2023-06-12 10:12:11,"Hallwood","Hallwood 3","Continue trapping","Processed fish","Trap functioning normally",4655,3.29999995231628,3.79999995231628,"Yes",NA,NA,13,1.53999996185303
7,527,2023-06-12 10:20:57,"Hallwood","Hallwood 1 RR","Continue trapping","Processed fish","Trap functioning normally",2422,1.70000004768372,1.79999995231628,"Yes",NA,NA,13,1.53999996185303
7,539,2023-06-12 10:27:29,"Hallwood","Hallwood 2 RL","Continue trapping","Processed fish","Trap functioning normally",1425,0.5,0.800000011920929,"Yes",NA,NA,13,1.53999996185303
7,552,2023-06-13 09:28:41,"Hallwood","Hallwood 3","Continue trapping","Processed fish","Trap functioning normally",4367,4.09999990463257,4.30000019073486,"Yes",NA,NA,13,3
7,528,2023-06-13 10:05:09,"Hallwood","Hallwood 1 RR","Continue trapping","Processed fish","Trap functioning normally",2470,1.70000004768372,2.70000004768372,"Yes",NA,NA,13,3
7,540,2023-06-13 10:18:07,"Hallwood","Hallwood 2 RL","Continue trapping","Processed fish","Trap functioning normally",1425,1.20000004768372,1,"Yes",NA,NA,13,3
7,553,2023-06-14 11:27:58,"Hallwood","Hallwood 3","Continue trapping","Processed fish","Trap functioning normally",6270,3.5,5.30000019073486,"Yes",NA,NA,13,2.14000010490417
7,529,2023-06-14 11:36:21,"Hallwood","Hallwood 1 RR","Continue trapping","Processed fish","Trap functioning normally",2992,1.89999997615814,1.79999995231628,"Yes",NA,NA,13,2.14000010490417
7,541,2023-06-14 11:41:15,"Hallwood","Hallwood 2 RL","Continue trapping","Processed fish","Trap functioning normally",950,0.800000011920929,1.39999997615814,"Yes",NA,NA,13,2.14000010490417
7,554,2023-06-15 10:58:39,"Hallwood","Hallwood 3","Continue trapping","Processed fish","Trap functioning normally",6650,5,5.30000019073486,"Yes",NA,NA,14,3.29999995231628
7,530,2023-06-15 11:05:24,"Hallwood","Hallwood 1 RR","Continue trapping","Processed fish","Trap functioning normally",2375,2.20000004768372,2,"Yes",NA,NA,14,3.29999995231628
7,542,2023-06-15 11:14:39,"Hallwood","Hallwood 2 RL","Continue trapping","Processed fish","Trap functioning normally",950,0.899999976158142,1.20000004768372,"Yes",NA,NA,14,3.29999995231628
7,555,2023-06-16 10:28:42,"Hallwood","Hallwood 3","Continue trapping","Processed fish","Trap functioning normally",7552,4.80000019073486,5.09999990463257,"Yes",NA,NA,14,1.45000004768372
7,543,2023-06-16 10:34:39,"Hallwood","Hallwood 2 RL","Continue trapping","Processed fish","Trap functioning normally",1425,1.5,1.29999995231628,"Yes",NA,NA,14,1.45000004768372
7,531,2023-06-16 10:41:12,"Hallwood","Hallwood 1 RR","Continue trapping","Processed fish","Trap functioning normally",2517,2.5,2.40000009536743,"Yes",NA,NA,14,1.45000004768372
7,556,2023-06-17 09:24:43,"Hallwood","Hallwood 3","Continue trapping","Processed fish","Trap functioning normally",5842,4.80000019073486,4,"Yes",NA,NA,12,1.94000005722046
7,532,2023-06-17 09:28:00,"Hallwood","Hallwood 1 RR","Continue trapping","Processed fish","Trap functioning normally",2185,2.29999995231628,1.60000002384186,"Yes",NA,NA,12,1.94000005722046
7,544,2023-06-17 09:32:11,"Hallwood","Hallwood 2 RL","Continue trapping","Processed fish","Trap functioning normally",950,1.20000004768372,1.20000004768372,"Yes",NA,NA,12,1.94000005722046
7,557,2023-06-18 08:38:22,"Hallwood","Hallwood 3","Continue trapping","Processed fish","Trap functioning normally",5035,4.19999980926514,4.80000019073486,"Yes",NA,NA,13,1.54999995231628
7,533,2023-06-18 08:45:46,"Hallwood","Hallwood 1 RR","Continue trapping","Processed fish","Trap functioning normally",2375,2,1.79999995231628,"Yes",NA,NA,13,1.54999995231628
7,545,2023-06-18 08:50:45,"Hallwood","Hallwood 2 RL","End trapping","Processed fish","Trap functioning normally",900,0.600000023841858,NA,"Yes",NA,NA,13,1.54999995231628
7,558,2023-06-19 10:16:52,"Hallwood","Hallwood 3","Continue trapping","Processed fish","Trap functioning normally",6175,4.59999990463257,4,"Yes",NA,NA,12.5,1.62999999523163
7,534,2023-06-19 10:28:37,"Hallwood","Hallwood 1 RR","Continue trapping","Processed fish","Trap functioning normally",2660,1.39999997615814,2,"Yes",NA,NA,12.5,1.62999999523163
7,546,2023-06-19 11:12:14,"Hallwood","Hallwood 2 RL","Start trap & begin trapping","Not applicable","Trap functioning normally",NA,NA,1.20000004768372,"Yes",NA,NA,12.5,1.62999999523163
7,573,2023-06-20 10:18:50,"Hallwood","Hallwood 3","Continue trapping","Processed fish","Trap functioning normally",7267,5,5.59999990463257,"Yes",NA,NA,13,3.38000011444092
7,559,2023-06-20 10:24:03,"Hallwood","Hallwood 1 RR","Continue trapping","Processed fish","Trap functioning normally",2612,1.39999997615814,1.5,"Yes",NA,NA,13,3.38000011444092
7,566,2023-06-20 10:36:27,"Hallwood","Hallwood 2 RL","Continue trapping","Processed fish","Trap functioning normally",950,1.20000004768372,1.20000004768372,"Yes",NA,NA,13,3.38000011444092
7,574,2023-06-21 10:22:04,"Hallwood","Hallwood 3","Continue trapping","Processed fish","Trap functioning normally",6317,3.59999990463257,2.79999995231628,"Yes",NA,NA,13,1.87999999523163
7,560,2023-06-21 10:41:52,"Hallwood","Hallwood 1 RR","Continue trapping","Processed fish","Trap functioning normally",2612,1.10000002384186,1.20000004768372,"Yes",NA,NA,13,1.87999999523163
7,567,2023-06-21 10:55:57,"Hallwood","Hallwood 2 RL","Continue trapping","Processed fish","Trap functioning normally",2375,1.10000002384186,1.39999997615814,"Yes",NA,NA,13,1.87999999523163
7,575,2023-06-22 10:33:46,"Hallwood","Hallwood 3","Continue trapping","Processed fish","Trap functioning normally",4085,2.79999995231628,2.5,"Yes",NA,NA,13,2.84999990463257
7,561,2023-06-22 10:41:54,"Hallwood","Hallwood 1 RR","Continue trapping","Processed fish","Trap functioning normally",2232,1.20000004768372,1.29999995231628,"Yes",NA,NA,13,2.84999990463257
7,568,2023-06-22 10:57:29,"Hallwood","Hallwood 2 RL","Continue trapping","Processed fish","Trap functioning normally",1900,1,1.5,"Yes",NA,NA,13,2.84999990463257
7,569,2023-06-23 10:15:17,"Hallwood","Hallwood 2 RL","Continue trapping","Processed fish","Trap functioning normally",1900,1.5,1.29999995231628,"Yes",NA,NA,13,2.89000010490417
7,576,2023-06-23 10:20:30,"Hallwood","Hallwood 3","Unplanned restart","Processed fish","Trap stopped functioning",522,0,2.09999990463257,"Yes",NA,NA,13,2.89000010490417
7,562,2023-06-23 10:20:31,"Hallwood","Hallwood 1 RR","Continue trapping","Processed fish","Trap functioning normally",1615,1.29999995231628,1.10000002384186,"Yes",NA,NA,13,2.89000010490417
7,563,2023-06-24 09:55:16,"Hallwood","Hallwood 1 RR","Continue trapping","Processed fish","Trap functioning normally",1615,1.10000002384186,1.5,"Yes",NA,NA,13,2.26999998092651
7,570,2023-06-24 10:04:13,"Hallwood","Hallwood 2 RL","Continue trapping","Processed fish","Trap functioning normally",1900,1.60000002384186,1.5,"Yes",NA,NA,13,2.26999998092651
7,577,2023-06-24 10:06:02,"Hallwood","Hallwood 3","Continue trapping","Processed fish","Trap functioning normally",3562,3.29999995231628,3.79999995231628,"Yes",NA,NA,13,2.26999998092651
7,578,2023-06-25 10:00:07,"Hallwood","Hallwood 3","Continue trapping","Processed fish","Trap functioning normally",5082,3.5,4,"Yes",NA,NA,13,1.80999994277954
7,564,2023-06-25 10:09:43,"Hallwood","Hallwood 1 RR","Continue trapping","Processed fish","Trap functioning normally",1805,1.10000002384186,1.39999997615814,"Yes",NA,NA,13,1.80999994277954
7,571,2023-06-25 10:19:40,"Hallwood","Hallwood 2 RL","Continue trapping","Processed fish","Trap functioning normally",2375,1.20000004768372,1.5,"Yes",NA,NA,13,1.80999994277954
7,565,2023-06-26 10:02:36,"Hallwood","Hallwood 1 RR","Unplanned restart","Processed fish","Trap stopped functioning",332,0,1,"Yes",NA,NA,13,2.02999997138977
7,579,2023-06-26 10:14:26,"Hallwood","Hallwood 3","Continue trapping","Processed fish","Trap functioning normally",5272,4,3.79999995231628,"Yes",NA,NA,13,2.02999997138977
7,572,2023-06-26 10:23:41,"Hallwood","Hallwood 2 RL","Continue trapping","Processed fish","Trap functioning normally",2375,1.60000002384186,1.39999997615814,"Yes",NA,NA,13,2.02999997138977
7,580,2023-06-27 09:53:32,"Hallwood","Hallwood 1 RR","Continue trapping","Processed fish","Trap functioning normally",617,0.899999976158142,1.39999997615814,"Yes",NA,NA,13.5,1.1599999666214
7,582,2023-06-27 09:58:19,"Hallwood","Hallwood 3","Continue trapping","Processed fish","Trap functioning normally",6555,4,4.30000019073486,"Yes",NA,NA,13.5,1.1599999666214
7,581,2023-06-27 10:36:30,"Hallwood","Hallwood 2 RL","Continue trapping","Processed fish","Trap functioning normally",2375,1.39999997615814,1.5,"Yes",NA,NA,13.5,1.1599999666214
7,589,2023-06-28 08:36:40,"Hallwood","Hallwood 3","Continue trapping","Processed fish","Trap functioning normally",5937,3.59999990463257,4.59999990463257,"Yes",NA,NA,13,1.6599999666214
7,585,2023-06-28 08:39:33,"Hallwood","Hallwood 1 RR","Continue trapping","Processed fish","Trap functioning normally",1140,1.20000004768372,1.5,"Yes",NA,NA,13,1.6599999666214
7,587,2023-06-28 09:13:11,"Hallwood","Hallwood 2 RL","Continue trapping","Processed fish","Trap functioning normally",1900,1.5,1.5,"Yes",NA,NA,13,1.6599999666214
7,590,2023-06-29 10:25:30,"Hallwood","Hallwood 3","Continue trapping","Processed fish","Trap functioning normally",7505,4,5.30000019073486,"Yes",NA,NA,14,1.13999998569489
7,588,2023-06-29 10:57:24,"Hallwood","Hallwood 2 RL","Continue trapping","Processed fish","Trap functioning normally",2375,1.5,1.29999995231628,"Yes",NA,NA,14,1.13999998569489
7,586,2023-06-29 11:52:05,"Hallwood","Hallwood 1 RR","Continue trapping","Processed fish","Trap functioning normally",2280,1.5,1.60000002384186,"Yes",NA,NA,14,1.13999998569489
7,597,2023-06-30 10:00:22,"Hallwood","Hallwood 3","End trapping","Processed fish","Trap functioning normally",6697,4.5,NA,"Yes",NA,NA,14,1.75
7,592,2023-06-30 10:22:43,"Hallwood","Hallwood 1 RR","End trapping","Processed fish","Trap functioning normally",1995,1.60000002384186,NA,"Yes",NA,NA,14,1.75
7,594,2023-06-30 10:45:00,"Hallwood","Hallwood 2 RL","End trapping","Processed fish","Trap functioning normally",1900,1.29999995231628,NA,"Yes",NA,NA,14,1.75
7,595,2023-07-03 09:25:32,"Hallwood","Hallwood 2 RL","Start trap & begin trapping","Not applicable","Trap functioning normally",NA,NA,0.800000011920929,"Yes",NA,NA,14,1.52999997138977
7,598,2023-07-03 09:31:26,"Hallwood","Hallwood 3","Start trap & begin trapping","Not applicable","Trap functioning normally",NA,NA,4.59999990463257,"Yes",NA,NA,14,1.52999997138977
7,610,2023-07-03 09:35:45,"Hallwood","Hallwood 1 RR","Start trap & begin trapping","Not applicable","Trap functioning normally",NA,NA,1.5,"Yes",NA,NA,14,1.52999997138977
7,599,2023-07-04 08:25:30,"Hallwood","Hallwood 3","Continue trapping","Processed fish","Trap functioning normally",6935,4.30000019073486,4.59999990463257,"Yes",NA,NA,14,3.40000009536743
7,593,2023-07-04 08:35:18,"Hallwood","Hallwood 1 RR","Continue trapping","Processed fish","Trap functioning normally",2660,2,1.60000002384186,"Yes",NA,NA,14,3.40000009536743
7,596,2023-07-04 09:25:09,"Hallwood","Hallwood 2 RL","Continue trapping","Processed fish","Trap functioning normally",950,0.800000011920929,0.800000011920929,"Yes",NA,NA,14,3.40000009536743
7,601,2023-07-05 10:44:09,"Hallwood","Hallwood 2 RL","Unplanned restart","Processed fish","Trap stopped functioning",475,0,1.10000002384186,"Yes",NA,NA,13.5,2.20000004768372
7,600,2023-07-05 10:58:55,"Hallwood","Hallwood 1 RR","Continue trapping","Processed fish","Trap functioning normally",2707,1.5,2.40000009536743,"Yes",NA,NA,13.5,2.20000004768372
7,602,2023-07-05 11:45:57,"Hallwood","Hallwood 3","Continue trapping","Processed fish","Trap functioning normally",7125,4.59999990463257,5.09999990463257,"Yes",NA,NA,13.5,2.20000004768372
7,604,2023-07-06 10:28:16,"Hallwood","Hallwood 1 RR","Continue trapping","Processed fish","Trap functioning normally",1205,1.79999995231628,2.09999990463257,"Yes",NA,NA,14,2.25
7,606,2023-07-06 10:48:13,"Hallwood","Hallwood 3","Continue trapping","Processed fish","Trap functioning normally",6460,4.59999990463257,4.5,"Yes",NA,NA,14,2.25
7,605,2023-07-06 10:57:22,"Hallwood","Hallwood 2 RL","Continue trapping","Processed fish","Trap functioning normally",950,1.29999995231628,0.899999976158142,"Yes",NA,NA,14,2.25
7,607,2023-07-07 09:48:29,"Hallwood","Hallwood 1 RR","End trapping","Processed fish","Trap functioning normally",2850,2.79999995231628,NA,"Yes",NA,NA,13,1.6599999666214
7,609,2023-07-07 10:33:38,"Hallwood","Hallwood 3","End trapping","Processed fish","Trap functioning normally",6270,4.59999990463257,NA,"Yes",NA,NA,13,1.6599999666214
7,608,2023-07-07 11:15:51,"Hallwood","Hallwood 2 RL","End trapping","Processed fish","Trap functioning normally",1425,1,NA,"Yes",NA,NA,13,1.6599999666214
7,611,2023-07-18 13:30:17,"Hallwood","Hallwood 1 RR","Start trap & begin trapping","Not applicable","Trap functioning normally",NA,NA,NA,"Yes",NA,NA,17,1.75999999046326
7,614,2023-07-18 13:30:31,"Hallwood","Hallwood 2 RL","Start trap & begin trapping","Not applicable","Trap functioning normally",NA,NA,0.200000002980232,"Yes",NA,NA,17,1.75999999046326
7,617,2023-07-18 13:30:32,"Hallwood","Hallwood 3","Start trap & begin trapping","Not applicable","Trap functioning normally",NA,NA,4,"Yes",NA,NA,17,1.75999999046326
7,618,2023-07-19 09:50:55,"Hallwood","Hallwood 3","Continue trapping","Processed fish","Trap functioning normally",5320,3.79999995231628,4.5,"Yes",NA,NA,14,2.98000001907349
7,612,2023-07-19 10:00:32,"Hallwood","Hallwood 1 RR","Continue trapping","Processed fish","Trap functioning normally",1900,1.60000002384186,1.70000004768372,"Yes",NA,NA,14,NA
7,615,2023-07-19 10:04:44,"Hallwood","Hallwood 2 RL","Continue trapping","Processed fish","Trap functioning normally",475,0.699999988079071,0.600000023841858,"Yes",NA,NA,14,NA
7,613,2023-07-20 10:05:22,"Hallwood","Hallwood 1 RR","Continue trapping","Processed fish","Trap functioning normally",2327,1.79999995231628,1.20000004768372,"Yes",NA,NA,14,2.03999996185303
7,619,2023-07-20 10:10:14,"Hallwood","Hallwood 3","Continue trapping","Processed fish","Trap functioning normally",6270,4.5,4.09999990463257,"Yes",NA,NA,14,2.03999996185303
7,616,2023-07-20 10:17:23,"Hallwood","Hallwood 2 RL","Continue trapping","Processed fish","Trap functioning normally",1425,0.899999976158142,0.899999976158142,"Yes",NA,NA,14,2.03999996185303
7,622,2023-07-21 10:40:43,"Hallwood","Hallwood 3","End trapping","Processed fish","Trap functioning normally",655,4.19999980926514,NA,"Yes",NA,NA,14,2.54999995231628
7,621,2023-07-21 10:50:19,"Hallwood","Hallwood 2 RL","End trapping","Processed fish","Trap functioning normally",950,0.300000011920929,NA,"Yes",NA,NA,14,2.54999995231628
7,620,2023-07-21 10:55:12,"Hallwood","Hallwood 1 RR","End trapping","Processed fish","Trap functioning normally",1092,1.39999997615814,NA,"Yes",NA,NA,14,2.54999995231628
7,625,2023-07-24 10:49:34,"Hallwood","Hallwood 3","Start trap & begin trapping","Not applicable","Trap functioning normally",NA,NA,NA,"Yes",NA,NA,14,1.62000000476837
7,624,2023-07-24 10:54:24,"Hallwood","Hallwood 2 RL","Start trap & begin trapping","Not applicable","Trap functioning normally",NA,NA,1.39999997615814,"Yes",NA,NA,14,1.62000000476837
7,623,2023-07-24 11:01:25,"Hallwood","Hallwood 1 RR","Start trap & begin trapping","Not applicable","Trap functioning normally",NA,NA,1.60000002384186,"Yes",NA,NA,14,1.62000000476837
7,628,2023-07-25 10:30:26,"Hallwood","Hallwood 3","Continue trapping","Processed fish","Trap functioning normally",5890,4.80000019073486,4.19999980926514,"Yes",NA,NA,14,1.86000001430511
7,626,2023-07-25 11:05:07,"Hallwood","Hallwood 1 RR","Continue trapping","Processed fish","Trap functioning normally",2137,1.70000004768372,1.79999995231628,"Yes",NA,NA,14,1.86000001430511
7,627,2023-07-25 11:23:50,"Hallwood","Hallwood 2 RL","Continue trapping","Processed fish","Trap functioning normally",1900,0.899999976158142,1.39999997615814,"Yes",NA,NA,14,1.86000001430511
7,631,2023-07-26 09:10:29,"Hallwood","Hallwood 3","Continue trapping","Processed fish","Trap functioning normally",5605,4.30000019073486,3.79999995231628,"Yes",NA,NA,12,1.32000005245209
7,629,2023-07-26 09:54:24,"Hallwood","Hallwood 1 RR","Continue trapping","Processed fish","Trap functioning, but not normally",1947,1.5,1.5,"Yes",NA,NA,12,1.32000005245209
7,630,2023-07-26 10:15:20,"Hallwood","Hallwood 2 RL","Continue trapping","Processed fish","Trap functioning normally",1425,1.10000002384186,0.899999976158142,"Yes",NA,NA,NA,NA
NA,NA,2000-05-07 10:00:00,"Hallwood","Hallwood 1 RR","Continue trapping","Not recorded","Not recorded",NA,NA,NA,"Yes",NA,NA,NA,NA
NA,NA,2000-05-08 08:00:00,"Hallwood","Hallwood 1 RR","Continue trapping","Not recorded","Not recorded",NA,NA,NA,"Yes",NA,NA,NA,NA
NA,NA,2000-05-09 10:00:00,"Hallwood","Hallwood 1 RR","Continue trapping","Not recorded","Not recorded",NA,NA,NA,"Yes",NA,NA,NA,NA
NA,NA,2000-05-10 09:30:00,"Hallwood","Hallwood 1 RR","Continue trapping","Not recorded","Not recorded",NA,NA,NA,"Yes",NA,NA,NA,NA
NA,NA,2000-05-11 11:00:00,"Hallwood","Hallwood 1 RR","Not recorded","Not recorded","Not recorded",NA,NA,NA,"Yes",NA,NA,NA,NA
NA,NA,2000-05-12 09:30:00,"Hallwood","Hallwood 1 RR","Continue trapping","Not recorded","Not recorded",NA,NA,NA,"Yes",NA,NA,NA,NA
NA,NA,2000-05-13 09:30:00,"Hallwood","Hallwood 1 RR","Continue trapping","Not recorded","Not recorded",NA,NA,NA,"Yes",NA,NA,NA,NA
NA,NA,2000-05-14 10:30:00,"Hallwood","Hallwood 1 RR","Continue trapping","Not recorded","Not recorded",NA,NA,NA,"Yes",NA,NA,NA,NA
NA,NA,2000-05-15 08:30:00,"Hallwood","Hallwood 1 RR","Continue trapping","Not recorded","Not recorded",NA,NA,NA,"Yes",NA,NA,NA,NA
NA,NA,2000-05-16 08:30:00,"Hallwood","Hallwood 1 RR","Continue trapping","Not recorded","Not recorded",NA,NA,NA,"Yes",NA,NA,NA,NA
NA,NA,2000-05-17 09:30:00,"Hallwood","Hallwood 1 RR","Continue trapping","Not recorded","Not recorded",NA,NA,NA,"Yes",NA,NA,NA,NA
NA,NA,2000-05-18 09:30:00,"Hallwood","Hallwood 1 RR","Continue trapping","Not recorded","Not recorded",NA,NA,NA,"Yes",NA,NA,NA,NA
NA,NA,2000-05-19 09:30:00,"Hallwood","Hallwood 1 RR","Continue trapping","Not recorded","Not recorded",NA,NA,NA,"Yes",NA,NA,NA,NA
NA,NA,2000-05-20 09:00:00,"Hallwood","Hallwood 1 RR","Continue trapping","Not recorded","Not recorded",NA,NA,NA,"Yes",NA,NA,NA,NA
NA,NA,2000-05-21 08:00:00,"Hallwood","Hallwood 1 RR","Continue trapping","Not recorded","Not recorded",NA,NA,NA,"Yes",NA,NA,NA,NA
NA,NA,2000-05-22 08:00:00,"Hallwood","Hallwood 1 RR","Continue trapping","Not recorded","Not recorded",NA,NA,NA,"Yes",NA,NA,NA,NA
NA,NA,2000-05-23 09:00:00,"Hallwood","Hallwood 1 RR","Not recorded","Not recorded","Not recorded",NA,NA,NA,"Yes",NA,NA,NA,NA
NA,NA,2000-05-24 09:00:00,"Hallwood","Hallwood 1 RR","Continue trapping","Not recorded","Not recorded",NA,NA,NA,"Yes",NA,NA,NA,NA
NA,NA,2000-05-25 09:30:00,"Hallwood","Hallwood 1 RR","Continue trapping","Not recorded","Not recorded",NA,NA,NA,"Yes",NA,NA,NA,NA
NA,NA,2000-05-26 09:00:00,"Hallwood","Hallwood 1 RR","Continue trapping","Not recorded","Not recorded",NA,NA,NA,"Yes",NA,NA,NA,NA
NA,NA,2000-05-27 09:00:00,"Hallwood","Hallwood 1 RR","Continue trapping","Not recorded","Not recorded",NA,NA,NA,"Yes",NA,NA,NA,NA
NA,NA,2000-05-28 09:00:00,"Hallwood","Hallwood 1 RR","Continue trapping","Not recorded","Not recorded",NA,NA,NA,"Yes",NA,NA,NA,NA
NA,NA,2000-05-29 07:30:00,"Hallwood","Hallwood 1 RR","Continue trapping","Not recorded","Not recorded",NA,NA,NA,"Yes",NA,NA,NA,NA
NA,NA,2000-05-30 08:00:00,"Hallwood","Hallwood 1 RR","Continue trapping","Not recorded","Not recorded",NA,NA,NA,"Yes",NA,NA,NA,NA
NA,NA,2000-05-31 09:00:00,"Hallwood","Hallwood 1 RR","Continue trapping","Not recorded","Not recorded",NA,NA,NA,"Yes",NA,NA,NA,NA
NA,NA,2000-06-01 09:00:00,"Hallwood","Hallwood 1 RR","Continue trapping","Not recorded","Not recorded",NA,NA,NA,"Yes",NA,NA,NA,NA
NA,NA,2000-06-02 09:00:00,"Hallwood","Hallwood 1 RR","Continue trapping","Not recorded","Not recorded",NA,NA,NA,"Yes",NA,NA,NA,NA
NA,NA,2000-06-03 09:00:00,"Hallwood","Hallwood 1 RR","Continue trapping","Not recorded","Not recorded",NA,NA,NA,"Yes",NA,NA,NA,NA
NA,NA,2000-06-04 09:00:00,"Hallwood","Hallwood 1 RR","Continue trapping","Not recorded","Not recorded",NA,NA,NA,"Yes",NA,NA,NA,NA
NA,NA,2000-06-05 09:00:00,"Hallwood","Hallwood 1 RR","Continue trapping","Not recorded","Not recorded",NA,NA,NA,"Yes",NA,NA,NA,NA
NA,NA,2000-06-06 09:00:00,"Hallwood","Hallwood 1 RR","Continue trapping","Not recorded","Not recorded",NA,NA,NA,"Yes",NA,NA,NA,NA
NA,NA,2000-06-07 09:00:00,"Hallwood","Hallwood 1 RR","Continue trapping","Not recorded","Not recorded",NA,NA,NA,"Yes",NA,NA,NA,NA
NA,NA,2000-06-08 09:30:00,"Hallwood","Hallwood 1 RR","Continue trapping","Not recorded","Not recorded",NA,NA,NA,"Yes",NA,NA,NA,NA
NA,NA,2000-06-09 08:00:00,"Hallwood","Hallwood 1 RR","Continue trapping","Not recorded","Not recorded",NA,NA,NA,"Yes",NA,NA,NA,NA
NA,NA,2000-06-10 09:30:00,"Hallwood","Hallwood 1 RR","Continue trapping","Not recorded","Not recorded",NA,NA,NA,"Yes",NA,NA,NA,NA
NA,NA,2000-06-11 09:30:00,"Hallwood","Hallwood 1 RR","Continue trapping","Not recorded","Not recorded",NA,NA,NA,"Yes",NA,NA,NA,NA
NA,NA,2000-06-12 09:30:00,"Hallwood","Hallwood 1 RR","Continue trapping","Not recorded","Not recorded",NA,NA,NA,"Yes",NA,NA,NA,NA
NA,NA,2000-06-13 09:00:00,"Hallwood","Hallwood 1 RR","Continue trapping","Not recorded","Not recorded",NA,NA,NA,"Yes",NA,NA,NA,NA
NA,NA,2000-06-14 08:00:00,"Hallwood","Hallwood 1 RR","Continue trapping","Not recorded","Not recorded",NA,NA,NA,"Yes",NA,NA,NA,NA
NA,NA,2000-06-15 09:00:00,"Hallwood","Hallwood 1 RR","Continue trapping","Not recorded","Not recorded",NA,NA,NA,"Yes",NA,NA,NA,NA
NA,NA,2000-06-16 08:00:00,"Hallwood","Hallwood 1 RR","Continue trapping","Not recorded","Not recorded",NA,NA,NA,"Yes",NA,NA,NA,NA
NA,NA,2000-06-17 09:00:00,"Hallwood","Hallwood 1 RR","Continue trapping","Not recorded","Not recorded",NA,NA,NA,"Yes",NA,NA,NA,NA
NA,NA,2000-06-18 09:30:00,"Hallwood","Hallwood 1 RR","Continue trapping","Not recorded","Not recorded",NA,NA,NA,"Yes",NA,NA,NA,NA
NA,NA,2000-06-19 09:00:00,"Hallwood","Hallwood 1 RR","Continue trapping","Not recorded","Not recorded",NA,NA,NA,"Yes",NA,NA,NA,NA
NA,NA,2000-06-20 09:00:00,"Hallwood","Hallwood 1 RR","Continue trapping","Not recorded","Not recorded",NA,NA,NA,"Yes",NA,NA,NA,NA
NA,NA,2000-06-21 09:00:00,"Hallwood","Hallwood 1 RR","Continue trapping","Not recorded","Not recorded",NA,NA,NA,"Yes",NA,NA,NA,NA
NA,NA,2000-06-22 09:00:00,"Hallwood","Hallwood 1 RR","Continue trapping","Not recorded","Not recorded",NA,NA,NA,"Yes",NA,NA,NA,NA
NA,NA,2000-06-23 08:00:00,"Hallwood","Hallwood 1 RR","Continue trapping","Not recorded","Not recorded",NA,NA,NA,"Yes",NA,NA,NA,NA
NA,NA,2000-06-24 09:30:00,"Hallwood","Hallwood 1 RR","Continue trapping","Not recorded","Not recorded",NA,NA,NA,"Yes",NA,NA,NA,NA
NA,NA,2000-06-25 09:30:00,"Hallwood","Hallwood 1 RR","Continue trapping","Not recorded","Not recorded",NA,NA,NA,"Yes",NA,NA,NA,NA
NA,NA,2000-06-26 08:00:00,"Hallwood","Hallwood 1 RR","Continue trapping","Not recorded","Not recorded",NA,NA,NA,"Yes",NA,NA,NA,NA
NA,NA,2000-06-27 13:40:00,"Hallwood","Hallwood 1 RR","Continue trapping","Not recorded","Not recorded",NA,NA,NA,"Yes",NA,NA,NA,NA
NA,NA,2000-06-28 00:00:00,"Hallwood","Hallwood 1 RR","Continue trapping","Not recorded","Not recorded",NA,NA,NA,"Yes",NA,NA,NA,NA
NA,NA,2000-06-29 00:00:00,"Hallwood","Hallwood 1 RR","Continue trapping","Not recorded","Not recorded",NA,NA,NA,"Yes",NA,NA,16,NA
NA,NA,2000-06-30 00:00:00,"Hallwood","Hallwood 1 RR","Continue trapping","Not recorded","Not recorded",NA,NA,NA,"Yes",NA,NA,16,NA
NA,NA,2000-07-01 09:30:00,"Hallwood","Hallwood 1 RR","Continue trapping","Not recorded","Not recorded",NA,NA,NA,"Yes",NA,NA,NA,NA
NA,NA,2000-07-02 09:30:00,"Hallwood","Hallwood 1 RR","Continue trapping","Not recorded","Not recorded",NA,NA,NA,"Yes",NA,NA,NA,NA
NA,NA,2000-07-03 07:30:00,"Hallwood","Hallwood 1 RR","Continue trapping","Not recorded","Not recorded",NA,NA,NA,"Yes",NA,NA,NA,NA
NA,NA,2000-07-04 09:00:00,"Hallwood","Hallwood 1 RR","Continue trapping","Not recorded","Not recorded",NA,NA,NA,"Yes",NA,NA,NA,NA
NA,NA,2000-07-05 09:00:00,"Hallwood","Hallwood 1 RR","Continue trapping","Not recorded","Not recorded",NA,NA,NA,"Yes",NA,NA,NA,NA
NA,NA,2000-07-06 07:30:00,"Hallwood","Hallwood 1 RR","Continue trapping","Not recorded","Not recorded",NA,NA,NA,"Yes",NA,NA,NA,NA
NA,NA,2000-07-07 09:00:00,"Hallwood","Hallwood 1 RR","Continue trapping","Not recorded","Not recorded",NA,NA,NA,"Yes",NA,NA,NA,NA
NA,NA,2000-07-08 12:30:00,"Hallwood","Hallwood 1 RR","Continue trapping","Not recorded","Not recorded",NA,NA,NA,"Yes",NA,NA,NA,NA
NA,NA,2000-07-09 08:00:00,"Hallwood","Hallwood 1 RR","Continue trapping","Not recorded","Not recorded",NA,NA,NA,"Yes",NA,NA,NA,NA
NA,NA,2000-07-10 08:00:00,"Hallwood","Hallwood 1 RR","Continue trapping","Not recorded","Not recorded",NA,NA,NA,"Yes",NA,NA,NA,NA
NA,NA,2000-07-11 08:00:00,"Hallwood","Hallwood 1 RR","Continue trapping","Not recorded","Not recorded",NA,NA,NA,"Yes",NA,NA,NA,NA
NA,NA,2000-07-12 07:00:00,"Hallwood","Hallwood 1 RR","Continue trapping","Not recorded","Not recorded",NA,NA,NA,"Yes",NA,NA,NA,NA
NA,NA,2000-07-13 08:00:00,"Hallwood","Hallwood 1 RR","Continue trapping","Not recorded","Not recorded",NA,NA,NA,"Yes",NA,NA,NA,NA
NA,NA,2000-07-14 08:00:00,"Hallwood","Hallwood 1 RR","Continue trapping","Not recorded","Not recorded",NA,NA,NA,"Yes",NA,NA,NA,NA
NA,NA,2000-07-15 07:00:00,"Hallwood","Hallwood 1 RR","Continue trapping","Not recorded","Not recorded",NA,NA,NA,"Yes",NA,NA,NA,NA
NA,NA,2000-07-16 08:00:00,"Hallwood","Hallwood 1 RR","Continue trapping","Not recorded","Not recorded",NA,NA,NA,"Yes",NA,NA,NA,NA
NA,NA,2000-07-17 08:00:00,"Hallwood","Hallwood 1 RR","Continue trapping","Not recorded","Not recorded",NA,NA,NA,"Yes",NA,NA,NA,NA
NA,NA,2000-07-18 07:30:00,"Hallwood","Hallwood 1 RR","Continue trapping","Not recorded","Not recorded",NA,NA,NA,"Yes",NA,NA,NA,NA
NA,NA,2000-07-19 09:30:00,"Hallwood","Hallwood 1 RR","Continue trapping","Not recorded","Not recorded",NA,NA,NA,"Yes",NA,NA,NA,NA
NA,NA,2000-07-20 09:30:00,"Hallwood","Hallwood 1 RR","Continue trapping","Not recorded","Not recorded",NA,NA,NA,"Yes",NA,NA,NA,NA
NA,NA,2000-07-21 07:00:00,"Hallwood","Hallwood 1 RR","Continue trapping","Not recorded","Not recorded",NA,NA,NA,"Yes",NA,NA,NA,NA
NA,NA,2000-07-22 08:00:00,"Hallwood","Hallwood 1 RR","Continue trapping","Not recorded","Not recorded",NA,NA,NA,"Yes",NA,NA,NA,NA
NA,NA,2000-07-23 08:00:00,"Hallwood","Hallwood 1 RR","Continue trapping","Not recorded","Not recorded",NA,NA,NA,"Yes",NA,NA,NA,NA
NA,NA,2000-07-24 07:00:00,"Hallwood","Hallwood 1 RR","Continue trapping","Not recorded","Not recorded",NA,NA,NA,"Yes",NA,NA,NA,NA
NA,NA,2000-07-25 08:00:00,"Hallwood","Hallwood 1 RR","Continue trapping","Not recorded","Not recorded",NA,NA,NA,"Yes",NA,NA,NA,NA
NA,NA,2000-07-26 08:00:00,"Hallwood","Hallwood 1 RR","Continue trapping","Not recorded","Not recorded",NA,NA,NA,"Yes",NA,NA,NA,NA
NA,NA,2000-07-27 07:00:00,"Hallwood","Hallwood 1 RR","Continue trapping","Not recorded","Not recorded",NA,NA,NA,"Yes",NA,NA,NA,NA
NA,NA,2000-07-28 09:00:00,"Hallwood","Hallwood 1 RR","Continue trapping","Not recorded","Not recorded",NA,NA,NA,"Yes",NA,NA,NA,NA
NA,NA,2000-07-29 09:00:00,"Hallwood","Hallwood 1 RR","Continue trapping","Not recorded","Not recorded",NA,NA,NA,"Yes",NA,NA,NA,NA
NA,NA,2000-07-30 08:00:00,"Hallwood","Hallwood 1 RR","Continue trapping","Not recorded","Not recorded",NA,NA,NA,"Yes",NA,NA,NA,NA
NA,NA,2000-07-31 08:00:00,"Hallwood","Hallwood 1 RR","Continue trapping","Not recorded","Not recorded",NA,NA,NA,"Yes",NA,NA,NA,NA
NA,NA,2000-08-01 08:00:00,"Hallwood","Hallwood 1 RR","Continue trapping","Not recorded","Not recorded",NA,NA,NA,"Yes",NA,NA,NA,NA
NA,NA,2000-08-02 08:00:00,"Hallwood","Hallwood 1 RR","Continue trapping","Not recorded","Not recorded",NA,NA,NA,"Yes",NA,NA,NA,NA
NA,NA,2000-08-03 09:00:00,"Hallwood","Hallwood 1 RR","Continue trapping","Not recorded","Not recorded",NA,NA,NA,"Yes",NA,NA,NA,NA
NA,NA,2000-08-04 09:00:00,"Hallwood","Hallwood 1 RR","Continue trapping","Not recorded","Not recorded",NA,NA,NA,"Yes",NA,NA,NA,NA
NA,NA,2000-08-05 09:00:00,"Hallwood","Hallwood 1 RR","Continue trapping","Not recorded","Not recorded",NA,NA,NA,"Yes",NA,NA,NA,NA
NA,NA,2000-08-06 08:00:00,"Hallwood","Hallwood 1 RR","Continue trapping","Not recorded","Not recorded",NA,NA,NA,"Yes",NA,NA,NA,NA
NA,NA,2000-08-07 09:00:00,"Hallwood","Hallwood 1 RR","Continue trapping","Not recorded","Not recorded",NA,NA,NA,"Yes",NA,NA,NA,NA
NA,NA,2000-08-08 07:30:00,"Hallwood","Hallwood 1 RR","Continue trapping","Not recorded","Not recorded",NA,NA,NA,"Yes",NA,NA,NA,NA
NA,NA,2000-08-09 08:00:00,"Hallwood","Hallwood 1 RR","Continue trapping","Not recorded","Not recorded",NA,NA,NA,"Yes",NA,NA,NA,NA
NA,NA,2000-08-10 08:00:00,"Hallwood","Hallwood 1 RR","Continue trapping","Not recorded","Not recorded",NA,NA,NA,"Yes",NA,NA,NA,NA
NA,NA,2000-08-12 09:30:00,"Hallwood","Hallwood 1 RR","Continue trapping","Not recorded","Not recorded",NA,NA,NA,"Yes",NA,NA,NA,NA
NA,NA,2000-08-13 09:30:00,"Hallwood","Hallwood 1 RR","Continue trapping","Not recorded","Not recorded",NA,NA,NA,"Yes",NA,NA,NA,NA
NA,NA,2000-08-15 08:00:00,"Hallwood","Hallwood 1 RR","Continue trapping","Not recorded","Not recorded",NA,NA,NA,"Yes",NA,NA,NA,NA
NA,NA,2000-08-16 08:00:00,"Hallwood","Hallwood 1 RR","Continue trapping","Not recorded","Not recorded",NA,NA,NA,"Yes",NA,NA,NA,NA
NA,NA,2000-08-17 08:00:00,"Hallwood","Hallwood 1 RR","Continue trapping","Not recorded","Not recorded",NA,NA,NA,"Yes",NA,NA,NA,NA
NA,NA,2004-11-22 08:30:00,"Hallwood","Hallwood 1 RR","Continue trapping","Not recorded","Not recorded",NA,2.20000004768372,2.5,"Yes",NA,NA,NA,NA
NA,NA,2004-11-23 08:30:00,"Hallwood","Hallwood 1 RR","Continue trapping","Not recorded","Not recorded",NA,2.5,2.59999990463257,"Yes",NA,NA,NA,NA
NA,NA,2004-11-24 08:30:00,"Hallwood","Hallwood 1 RR","Continue trapping","Not recorded","Not recorded",NA,2.40000009536743,2.59999990463257,"Yes",NA,NA,NA,NA
NA,NA,2004-11-25 07:30:00,"Hallwood","Hallwood 1 RR","Continue trapping","Not recorded","Not recorded",NA,2.5,2.5,"Yes",NA,NA,NA,NA
NA,NA,2004-11-26 09:00:00,"Hallwood","Hallwood 1 RR","Continue trapping","Not recorded","Not recorded",NA,2.5,2.20000004768372,"Yes",NA,NA,NA,NA
NA,NA,2004-11-27 12:30:00,"Hallwood","Hallwood 1 RR","Continue trapping","Not recorded","Not recorded",NA,2.90000009536743,3,"Yes",NA,NA,NA,NA
NA,NA,2004-11-28 11:30:00,"Hallwood","Hallwood 1 RR","Continue trapping","Not recorded","Not recorded",NA,2,2.5,"Yes",NA,NA,NA,NA
NA,NA,2004-11-29 08:30:00,"Hallwood","Hallwood 1 RR","Continue trapping","Not recorded","Not recorded",NA,2.40000009536743,2.40000009536743,"Yes",NA,NA,NA,NA
NA,NA,2004-11-30 08:30:00,"Hallwood","Hallwood 1 RR","Continue trapping","Not recorded","Not recorded",NA,2.09999990463257,2.40000009536743,"Yes",NA,NA,NA,NA
NA,NA,2004-12-01 08:30:00,"Hallwood","Hallwood 1 RR","Continue trapping","Not recorded","Not recorded",NA,2.40000009536743,2.40000009536743,"Yes",NA,NA,NA,NA
NA,NA,2004-12-02 11:30:00,"Hallwood","Hallwood 1 RR","Continue trapping","Not recorded","Not recorded",NA,2.5,2.5,"Yes",NA,NA,NA,NA
NA,NA,2004-12-03 09:00:00,"Hallwood","Hallwood 1 RR","Continue trapping","Not recorded","Not recorded",NA,2.40000009536743,2.5,"Yes",NA,NA,NA,NA
NA,NA,2004-12-04 08:30:00,"Hallwood","Hallwood 1 RR","Continue trapping","Not recorded","Not recorded",NA,2.29999995231628,2.40000009536743,"Yes",NA,NA,NA,NA
NA,NA,2004-12-05 08:30:00,"Hallwood","Hallwood 1 RR","Continue trapping","Not recorded","Not recorded",NA,2.40000009536743,2.29999995231628,"Yes",NA,NA,NA,NA
NA,NA,2004-12-06 10:45:00,"Hallwood","Hallwood 1 RR","Continue trapping","Not recorded","Not recorded",NA,1.79999995231628,2.29999995231628,"Yes",NA,NA,NA,NA
NA,NA,2004-12-07 09:00:00,"Hallwood","Hallwood 1 RR","Continue trapping","Not recorded","Not recorded",NA,2.70000004768372,2.90000009536743,"Yes",NA,NA,NA,NA
NA,NA,2004-12-08 09:40:00,"Hallwood","Hallwood 1 RR","Continue trapping","Not recorded","Not recorded",NA,0,0,"Yes",NA,NA,NA,NA
NA,NA,2004-12-10 08:30:00,"Hallwood","Hallwood 1 RR","Continue trapping","Not recorded","Not recorded",NA,5.80000019073486,5.90000009536743,"Yes",NA,NA,NA,NA
NA,NA,2004-12-11 08:30:00,"Hallwood","Hallwood 1 RR","Continue trapping","Not recorded","Not recorded",NA,5,5.19999980926514,"Yes",NA,NA,NA,NA
NA,NA,2004-12-12 08:45:00,"Hallwood","Hallwood 1 RR","Continue trapping","Not recorded","Not recorded",NA,5,5,"Yes",NA,NA,NA,NA
NA,NA,2004-12-13 11:30:00,"Hallwood","Hallwood 1 RR","Continue trapping","Not recorded","Not recorded",NA,4.19999980926514,4.69999980926514,"Yes",NA,NA,NA,NA
NA,NA,2004-12-14 08:30:00,"Hallwood","Hallwood 1 RR","Continue trapping","Not recorded","Not recorded",NA,4,4,"Yes",NA,NA,NA,NA
NA,NA,2004-12-15 09:00:00,"Hallwood","Hallwood 1 RR","Continue trapping","Not recorded","Not recorded",NA,4,4,"Yes",NA,NA,NA,NA
NA,NA,2004-12-16 09:30:00,"Hallwood","Hallwood 1 RR","Continue trapping","Not recorded","Not recorded",NA,4.19999980926514,5,"Yes",NA,NA,NA,NA
NA,NA,2004-12-17 08:30:00,"Hallwood","Hallwood 1 RR","Continue trapping","Not recorded","Not recorded",NA,3.90000009536743,3.90000009536743,"Yes",NA,NA,NA,NA
NA,NA,2004-12-18 09:30:00,"Hallwood","Hallwood 1 RR","Continue trapping","Not recorded","Not recorded",NA,4,4,"Yes",NA,NA,NA,NA
NA,NA,2004-12-19 09:20:00,"Hallwood","Hallwood 1 RR","Continue trapping","Not recorded","Not recorded",NA,4,3.90000009536743,"Yes",NA,NA,NA,NA
NA,NA,2004-12-20 10:00:00,"Hallwood","Hallwood 1 RR","Continue trapping","Not recorded","Not recorded",NA,4,4,"Yes",NA,NA,NA,NA
NA,NA,2004-12-21 10:00:00,"Hallwood","Hallwood 1 RR","Continue trapping","Not recorded","Not recorded",NA,3.90000009536743,3.90000009536743,"Yes",NA,NA,NA,NA
NA,NA,2004-12-22 09:30:00,"Hallwood","Hallwood 1 RR","Continue trapping","Not recorded","Not recorded",NA,4,4,"Yes",NA,NA,NA,NA
NA,NA,2004-12-23 10:00:00,"Hallwood","Hallwood 1 RR","Continue trapping","Not recorded","Not recorded",NA,3.5,3.5,"Yes",NA,NA,NA,NA
NA,NA,2004-12-24 09:00:00,"Hallwood","Hallwood 1 RR","Continue trapping","Not recorded","Not recorded",NA,4,4,"Yes",NA,NA,NA,NA
NA,NA,2004-12-25 10:00:00,"Hallwood","Hallwood 1 RR","Continue trapping","Not recorded","Not recorded",NA,3.90000009536743,3.70000004768372,"Yes",NA,NA,NA,NA
NA,NA,2004-12-26 09:30:00,"Hallwood","Hallwood 1 RR","Continue trapping","Not recorded","Not recorded",NA,4,3.79999995231628,"Yes",NA,NA,NA,NA
NA,NA,2004-12-27 09:30:00,"Hallwood","Hallwood 1 RR","Continue trapping","Not recorded","Not recorded",NA,3.5,4,"Yes",NA,NA,NA,NA
NA,NA,2004-12-28 10:00:00,"Hallwood","Hallwood 1 RR","Continue trapping","Not recorded","Not recorded",NA,3.90000009536743,3.90000009536743,"Yes",NA,NA,NA,NA
NA,NA,2004-12-29 10:15:00,"Hallwood","Hallwood 1 RR","Continue trapping","Not recorded","Not recorded",NA,4.69999980926514,4.80000019073486,"Yes",NA,NA,NA,NA
NA,NA,2004-12-30 09:30:00,"Hallwood","Hallwood 1 RR","Continue trapping","Not recorded","Not recorded",NA,2.29999995231628,4,"Yes",NA,NA,NA,NA
NA,NA,2005-01-01 07:45:00,"Hallwood","Hallwood 1 RR","Continue trapping","Not recorded","Not recorded",NA,6,6.09999990463257,"Yes",NA,NA,NA,NA
NA,NA,2005-01-02 07:45:00,"Hallwood","Hallwood 1 RR","Continue trapping","Not recorded","Not recorded",NA,3,2.90000009536743,"Yes",NA,NA,NA,NA
NA,NA,2005-01-03 10:00:00,"Hallwood","Hallwood 1 RR","Continue trapping","Not recorded","Not recorded",NA,3.79999995231628,3.79999995231628,"Yes",NA,NA,NA,NA
NA,NA,2005-01-04 10:00:00,"Hallwood","Hallwood 1 RR","Continue trapping","Not recorded","Not recorded",NA,2,2,"Yes",NA,NA,NA,NA
NA,NA,2005-01-05 08:30:00,"Hallwood","Hallwood 1 RR","Continue trapping","Not recorded","Not recorded",NA,4.09999990463257,4.09999990463257,"Yes",NA,NA,NA,NA
NA,NA,2005-01-06 08:30:00,"Hallwood","Hallwood 1 RR","Continue trapping","Not recorded","Not recorded",NA,4.59999990463257,4.59999990463257,"Yes",NA,NA,NA,NA
NA,NA,2005-01-07 08:30:00,"Hallwood","Hallwood 1 RR","Continue trapping","Not recorded","Not recorded",NA,5,5,"Yes",NA,NA,NA,NA
NA,NA,2005-01-08 08:15:00,"Hallwood","Hallwood 1 RR","Continue trapping","Not recorded","Not recorded",NA,3,3,"Yes",NA,NA,NA,NA
NA,NA,2005-01-09 08:45:00,"Hallwood","Hallwood 1 RR","Continue trapping","Not recorded","Not recorded",NA,4.09999990463257,4,"Yes",NA,NA,NA,NA
NA,NA,2005-01-10 09:30:00,"Hallwood","Hallwood 1 RR","Continue trapping","Not recorded","Not recorded",NA,4.80000019073486,4.80000019073486,"Yes",NA,NA,NA,NA
NA,NA,2005-01-11 09:30:00,"Hallwood","Hallwood 1 RR","Continue trapping","Not recorded","Not recorded",NA,4,4,"Yes",NA,NA,NA,NA
NA,NA,2005-01-12 08:30:00,"Hallwood","Hallwood 1 RR","Continue trapping","Not recorded","Not recorded",NA,3.90000009536743,4,"Yes",NA,NA,NA,NA
NA,NA,2005-01-13 09:30:00,"Hallwood","Hallwood 1 RR","Continue trapping","Not recorded","Not recorded",NA,3.90000009536743,3.79999995231628,"Yes",NA,NA,NA,NA
NA,NA,2005-01-14 08:30:00,"Hallwood","Hallwood 1 RR","Continue trapping","Not recorded","Not recorded",NA,3.79999995231628,3.79999995231628,"Yes",NA,NA,NA,NA
NA,NA,2005-01-15 10:00:00,"Hallwood","Hallwood 1 RR","Continue trapping","Not recorded","Not recorded",NA,2.90000009536743,3,"Yes",NA,NA,NA,NA
NA,NA,2005-01-16 10:00:00,"Hallwood","Hallwood 1 RR","Continue trapping","Not recorded","Not recorded",NA,5.5,5.5,"Yes",NA,NA,NA,NA
NA,NA,2005-01-17 08:30:00,"Hallwood","Hallwood 1 RR","Continue trapping","Not recorded","Not recorded",NA,5.19999980926514,5.19999980926514,"Yes",NA,NA,NA,NA
NA,NA,2005-01-18 09:30:00,"Hallwood","Hallwood 1 RR","Continue trapping","Not recorded","Not recorded",NA,5.30000019073486,5.30000019073486,"Yes",NA,NA,NA,NA
NA,NA,2005-01-19 08:30:00,"Hallwood","Hallwood 1 RR","Continue trapping","Not recorded","Not recorded",NA,5.40000009536743,5.40000009536743,"Yes",NA,NA,NA,NA
NA,NA,2005-01-20 08:30:00,"Hallwood","Hallwood 1 RR","Continue trapping","Not recorded","Not recorded",NA,5.40000009536743,5.40000009536743,"Yes",NA,NA,NA,NA
NA,NA,2005-01-21 09:30:00,"Hallwood","Hallwood 1 RR","Continue trapping","Not recorded","Not recorded",NA,5.40000009536743,5.40000009536743,"Yes",NA,NA,NA,NA
NA,NA,2005-01-22 09:30:00,"Hallwood","Hallwood 1 RR","Continue trapping","Not recorded","Not recorded",NA,5.90000009536743,5.90000009536743,"Yes",NA,NA,NA,NA
NA,NA,2005-01-23 09:45:00,"Hallwood","Hallwood 1 RR","Continue trapping","Not recorded","Not recorded",NA,5.90000009536743,6,"Yes",NA,NA,NA,NA
NA,NA,2005-01-24 08:30:00,"Hallwood","Hallwood 1 RR","Continue trapping","Not recorded","Not recorded",NA,5.5,5.5,"Yes",NA,NA,NA,NA
NA,NA,2005-01-25 09:00:00,"Hallwood","Hallwood 1 RR","Continue trapping","Not recorded","Not recorded",NA,5.40000009536743,5.40000009536743,"Yes",NA,NA,NA,NA
NA,NA,2005-01-26 09:00:00,"Hallwood","Hallwood 1 RR","Continue trapping","Not recorded","Not recorded",NA,5.90000009536743,5.90000009536743,"Yes",NA,NA,NA,NA
NA,NA,2005-01-27 07:30:00,"Hallwood","Hallwood 1 RR","Continue trapping","Not recorded","Not recorded",NA,5.69999980926514,5.69999980926514,"Yes",NA,NA,NA,NA
NA,NA,2005-01-28 08:30:00,"Hallwood","Hallwood 1 RR","Continue trapping","Not recorded","Not recorded",NA,5.5,5.5,"Yes",NA,NA,NA,NA
NA,NA,2005-01-28 12:00:00,"Hallwood","Hallwood 1 RR","Continue trapping","Not recorded","Not recorded",NA,5.40000009536743,5.40000009536743,"Yes",NA,NA,NA,NA
NA,NA,2005-01-29 09:30:00,"Hallwood","Hallwood 1 RR","Continue trapping","Not recorded","Not recorded",NA,5.90000009536743,6,"Yes",NA,NA,NA,NA
NA,NA,2005-01-30 09:30:00,"Hallwood","Hallwood 1 RR","Continue trapping","Not recorded","Not recorded",NA,6,6,"Yes",NA,NA,NA,NA
NA,NA,2005-01-31 09:30:00,"Hallwood","Hallwood 1 RR","Continue trapping","Not recorded","Not recorded",NA,5.5,5.5,"Yes",NA,NA,NA,NA
NA,NA,2005-02-01 10:00:00,"Hallwood","Hallwood 1 RR","Continue trapping","Not recorded","Not recorded",NA,NA,NA,"Yes",NA,NA,NA,NA
NA,NA,2005-02-02 09:30:00,"Hallwood","Hallwood 1 RR","Continue trapping","Not recorded","Not recorded",NA,5.59999990463257,5.5,"Yes",NA,NA,NA,NA
NA,NA,2005-02-03 09:00:00,"Hallwood","Hallwood 1 RR","Continue trapping","Not recorded","Not recorded",NA,5.5,5.5,"Yes",NA,NA,NA,NA
NA,NA,2005-02-04 09:00:00,"Hallwood","Hallwood 1 RR","Continue trapping","Not recorded","Not recorded",NA,5.30000019073486,5.30000019073486,"Yes",NA,NA,NA,NA
NA,NA,2005-02-05 09:15:00,"Hallwood","Hallwood 1 RR","Continue trapping","Not recorded","Not recorded",NA,5.90000009536743,5.90000009536743,"Yes",NA,NA,NA,NA
NA,NA,2005-02-06 10:30:00,"Hallwood","Hallwood 1 RR","Continue trapping","Not recorded","Not recorded",NA,5.80000019073486,5.90000009536743,"Yes",NA,NA,NA,NA
NA,NA,2005-02-07 08:30:00,"Hallwood","Hallwood 1 RR","Continue trapping","Not recorded","Not recorded",NA,5.5,5.5,"Yes",NA,NA,NA,NA
NA,NA,2005-02-08 11:15:00,"Hallwood","Hallwood 1 RR","Continue trapping","Not recorded","Not recorded",NA,5,5.5,"Yes",NA,NA,NA,NA
NA,NA,2005-02-09 09:00:00,"Hallwood","Hallwood 1 RR","Continue trapping","Not recorded","Not recorded",NA,5.09999990463257,5.40000009536743,"Yes",NA,NA,NA,NA
NA,NA,2005-02-10 08:30:00,"Hallwood","Hallwood 1 RR","Continue trapping","Not recorded","Not recorded",NA,5,5.40000009536743,"Yes",NA,NA,NA,NA
NA,NA,2005-02-11 10:00:00,"Hallwood","Hallwood 1 RR","Continue trapping","Not recorded","Not recorded",NA,4.80000019073486,5.5,"Yes",NA,NA,NA,NA
NA,NA,2005-02-12 10:00:00,"Hallwood","Hallwood 1 RR","Continue trapping","Not recorded","Not recorded",NA,4.59999990463257,5.5,"Yes",NA,NA,NA,NA
NA,NA,2005-02-13 09:30:00,"Hallwood","Hallwood 1 RR","Continue trapping","Not recorded","Not recorded",NA,4.40000009536743,5.19999980926514,"Yes",NA,NA,NA,NA
NA,NA,2005-02-14 08:00:00,"Hallwood","Hallwood 1 RR","Continue trapping","Not recorded","Not recorded",NA,4.80000019073486,5.30000019073486,"Yes",NA,NA,NA,NA
NA,NA,2005-02-15 10:00:00,"Hallwood","Hallwood 1 RR","Continue trapping","Not recorded","Not recorded",NA,4.30000019073486,5.19999980926514,"Yes",NA,NA,NA,NA
NA,NA,2005-02-16 10:00:00,"Hallwood","Hallwood 1 RR","Continue trapping","Not recorded","Not recorded",NA,4.30000019073486,5.09999990463257,"Yes",NA,NA,NA,NA
NA,NA,2005-02-17 08:30:00,"Hallwood","Hallwood 1 RR","Continue trapping","Not recorded","Not recorded",NA,4.40000009536743,5.09999990463257,"Yes",NA,NA,NA,NA
NA,NA,2005-02-18 09:30:00,"Hallwood","Hallwood 1 RR","Continue trapping","Not recorded","Not recorded",NA,4.40000009536743,5.59999990463257,"Yes",NA,NA,NA,NA
NA,NA,2005-02-19 09:30:00,"Hallwood","Hallwood 1 RR","Continue trapping","Not recorded","Not recorded",NA,4.80000019073486,5.19999980926514,"Yes",NA,NA,NA,NA
NA,NA,2005-02-20 09:30:00,"Hallwood","Hallwood 1 RR","Continue trapping","Not recorded","Not recorded",NA,1.79999995231628,3,"Yes",NA,NA,NA,NA
NA,NA,2005-02-21 10:30:00,"Hallwood","Hallwood 1 RR","Continue trapping","Not recorded","Not recorded",NA,1.39999997615814,2.90000009536743,"Yes",NA,NA,NA,NA
NA,NA,2005-02-22 10:30:00,"Hallwood","Hallwood 1 RR","Continue trapping","Not recorded","Not recorded",NA,4.59999990463257,5.5,"Yes",NA,NA,NA,NA
NA,NA,2005-02-23 09:45:00,"Hallwood","Hallwood 1 RR","Continue trapping","Not recorded","Not recorded",NA,5,5.19999980926514,"Yes",NA,NA,NA,NA
NA,NA,2005-02-24 09:00:00,"Hallwood","Hallwood 1 RR","Continue trapping","Not recorded","Not recorded",NA,3.90000009536743,4,"Yes",NA,NA,NA,NA
NA,NA,2005-02-25 10:00:00,"Hallwood","Hallwood 1 RR","Continue trapping","Not recorded","Not recorded",NA,5.80000019073486,6,"Yes",NA,NA,NA,NA
NA,NA,2005-02-26 09:30:00,"Hallwood","Hallwood 1 RR","Continue trapping","Not recorded","Not recorded",NA,5.40000009536743,5.40000009536743,"Yes",NA,NA,NA,NA
NA,NA,2005-02-27 09:30:00,"Hallwood","Hallwood 1 RR","Continue trapping","Not recorded","Not recorded",NA,5,6,"Yes",NA,NA,NA,NA
NA,NA,2005-02-28 10:00:00,"Hallwood","Hallwood 1 RR","Continue trapping","Not recorded","Not recorded",NA,6.40000009536743,6.40000009536743,"Yes",NA,NA,NA,NA
NA,NA,2005-03-01 09:00:00,"Hallwood","Hallwood 1 RR","Continue trapping","Not recorded","Not recorded",NA,6,6,"Yes",NA,NA,NA,NA
NA,NA,2005-03-02 10:00:00,"Hallwood","Hallwood 1 RR","Continue trapping","Not recorded","Not recorded",NA,2.40000009536743,4.30000019073486,"Yes",NA,NA,NA,NA
NA,NA,2005-03-03 09:30:00,"Hallwood","Hallwood 1 RR","Continue trapping","Not recorded","Not recorded",NA,3.79999995231628,4.19999980926514,"Yes",NA,NA,NA,NA
NA,NA,2005-03-04 09:00:00,"Hallwood","Hallwood 1 RR","Continue trapping","Not recorded","Not recorded",NA,4.30000019073486,4.30000019073486,"Yes",NA,NA,NA,NA
NA,NA,2005-03-05 09:30:00,"Hallwood","Hallwood 1 RR","Continue trapping","Not recorded","Not recorded",NA,3.79999995231628,4.59999990463257,"Yes",NA,NA,NA,NA
NA,NA,2005-03-06 10:30:00,"Hallwood","Hallwood 1 RR","Continue trapping","Not recorded","Not recorded",NA,5.40000009536743,6,"Yes",NA,NA,NA,NA
NA,NA,2005-03-07 10:30:00,"Hallwood","Hallwood 1 RR","Continue trapping","Not recorded","Not recorded",NA,5.80000019073486,5.80000019073486,"Yes",NA,NA,NA,NA
NA,NA,2005-03-08 09:00:00,"Hallwood","Hallwood 1 RR","Continue trapping","Not recorded","Not recorded",NA,5.5,5.5,"Yes",NA,NA,NA,NA
NA,NA,2005-03-09 09:00:00,"Hallwood","Hallwood 1 RR","Continue trapping","Not recorded","Not recorded",NA,5.09999990463257,5.69999980926514,"Yes",NA,NA,NA,NA
NA,NA,2005-03-10 08:30:00,"Hallwood","Hallwood 1 RR","Continue trapping","Not recorded","Not recorded",NA,5,6,"Yes",NA,NA,NA,NA
NA,NA,2005-03-11 09:00:00,"Hallwood","Hallwood 1 RR","Continue trapping","Not recorded","Not recorded",NA,4,6.5,"Yes",NA,NA,NA,NA
NA,NA,2005-03-12 09:30:00,"Hallwood","Hallwood 1 RR","Continue trapping","Not recorded","Not recorded",NA,4.59999990463257,6,"Yes",NA,NA,NA,NA
NA,NA,2005-03-13 09:30:00,"Hallwood","Hallwood 1 RR","Continue trapping","Not recorded","Not recorded",NA,4.30000019073486,5,"Yes",NA,NA,NA,NA
NA,NA,2005-03-14 10:30:00,"Hallwood","Hallwood 1 RR","Continue trapping","Not recorded","Not recorded",NA,4,5,"Yes",NA,NA,NA,NA
NA,NA,2005-03-15 11:00:00,"Hallwood","Hallwood 1 RR","Continue trapping","Not recorded","Not recorded",NA,4.19999980926514,5,"Yes",NA,NA,NA,NA
NA,NA,2005-03-16 09:00:00,"Hallwood","Hallwood 1 RR","Continue trapping","Not recorded","Not recorded",NA,3.79999995231628,5.5,"Yes",NA,NA,NA,NA
NA,NA,2005-03-17 09:15:00,"Hallwood","Hallwood 1 RR","Continue trapping","Not recorded","Not recorded",NA,4,5.09999990463257,"Yes",NA,NA,NA,NA
NA,NA,2005-03-18 09:00:00,"Hallwood","Hallwood 1 RR","Continue trapping","Not recorded","Not recorded",NA,2.29999995231628,4.80000019073486,"Yes",NA,NA,NA,NA
NA,NA,2005-03-19 08:00:00,"Hallwood","Hallwood 1 RR","Continue trapping","Not recorded","Not recorded",NA,2.59999990463257,4.59999990463257,"Yes",NA,NA,NA,NA
NA,NA,2005-03-20 10:15:00,"Hallwood","Hallwood 1 RR","Continue trapping","Not recorded","Not recorded",NA,3,5,"Yes",NA,NA,NA,NA
NA,NA,2005-03-21 09:00:00,"Hallwood","Hallwood 1 RR","Continue trapping","Not recorded","Not recorded",NA,2.59999990463257,5.5,"Yes",NA,NA,NA,NA
NA,NA,2005-03-22 09:15:00,"Hallwood","Hallwood 1 RR","Continue trapping","Not recorded","Not recorded",NA,0,3.09999990463257,"Yes",NA,NA,NA,NA
NA,NA,2005-03-23 09:15:00,"Hallwood","Hallwood 1 RR","Continue trapping","Not recorded","Not recorded",NA,1.5,4.30000019073486,"Yes",NA,NA,NA,NA
NA,NA,2005-03-24 09:30:00,"Hallwood","Hallwood 1 RR","Continue trapping","Not recorded","Not recorded",NA,3,4,"Yes",NA,NA,NA,NA
NA,NA,2005-03-27 09:00:00,"Hallwood","Hallwood 1 RR","Continue trapping","Not recorded","Not recorded",NA,6,7,"Yes",NA,NA,NA,NA
NA,NA,2005-03-28 09:00:00,"Hallwood","Hallwood 1 RR","Continue trapping","Not recorded","Not recorded",NA,4.69999980926514,4.80000019073486,"Yes",NA,NA,NA,NA
NA,NA,2005-03-29 09:30:00,"Hallwood","Hallwood 1 RR","Continue trapping","Not recorded","Not recorded",NA,4.09999990463257,4.40000009536743,"Yes",NA,NA,NA,NA
NA,NA,2005-03-30 09:00:00,"Hallwood","Hallwood 1 RR","Continue trapping","Not recorded","Not recorded",NA,5.90000009536743,6,"Yes",NA,NA,NA,NA
NA,NA,2005-03-31 09:30:00,"Hallwood","Hallwood 1 RR","Continue trapping","Not recorded","Not recorded",NA,5.19999980926514,5.5,"Yes",NA,NA,NA,NA
NA,NA,2005-04-01 08:30:00,"Hallwood","Hallwood 1 RR","Continue trapping","Not recorded","Not recorded",NA,4.30000019073486,4.30000019073486,"Yes",NA,NA,NA,NA
NA,NA,2005-04-02 10:15:00,"Hallwood","Hallwood 1 RR","Continue trapping","Not recorded","Not recorded",NA,4.30000019073486,4.30000019073486,"Yes",NA,NA,NA,NA
NA,NA,2005-04-03 10:45:00,"Hallwood","Hallwood 1 RR","Continue trapping","Not recorded","Not recorded",NA,1.70000004768372,1.79999995231628,"Yes",NA,NA,NA,NA
NA,NA,2005-04-04 09:30:00,"Hallwood","Hallwood 1 RR","Continue trapping","Not recorded","Not recorded",NA,2.09999990463257,2.5,"Yes",NA,NA,NA,NA
NA,NA,2005-04-05 09:30:00,"Hallwood","Hallwood 1 RR","Continue trapping","Not recorded","Not recorded",NA,2.5,2.5,"Yes",NA,NA,NA,NA
NA,NA,2005-04-06 08:30:00,"Hallwood","Hallwood 1 RR","Continue trapping","Not recorded","Not recorded",NA,2.70000004768372,2.70000004768372,"Yes",NA,NA,NA,NA
NA,NA,2005-04-07 10:00:00,"Hallwood","Hallwood 1 RR","Continue trapping","Not recorded","Not recorded",NA,2,2.59999990463257,"Yes",NA,NA,NA,NA
NA,NA,2005-04-08 09:00:00,"Hallwood","Hallwood 1 RR","Continue trapping","Not recorded","Not recorded",NA,3.09999990463257,3.40000009536743,"Yes",NA,NA,NA,NA
NA,NA,2005-04-09 09:15:00,"Hallwood","Hallwood 1 RR","Continue trapping","Not recorded","Not recorded",NA,4,4,"Yes",NA,NA,NA,NA
NA,NA,2005-04-10 11:15:00,"Hallwood","Hallwood 1 RR","Continue trapping","Not recorded","Not recorded",NA,3.79999995231628,3.79999995231628,"Yes",NA,NA,NA,NA
NA,NA,2005-04-11 09:00:00,"Hallwood","Hallwood 1 RR","Continue trapping","Not recorded","Not recorded",NA,4.5,4.59999990463257,"Yes",NA,NA,NA,NA
NA,NA,2005-04-12 09:30:00,"Hallwood","Hallwood 1 RR","Continue trapping","Not recorded","Not recorded",NA,4,4.90000009536743,"Yes",NA,NA,NA,NA
NA,NA,2005-04-13 09:20:00,"Hallwood","Hallwood 1 RR","Continue trapping","Not recorded","Not recorded",NA,4,4,"Yes",NA,NA,NA,NA
NA,NA,2005-04-14 09:00:00,"Hallwood","Hallwood 1 RR","Continue trapping","Not recorded","Not recorded",NA,4.90000009536743,5,"Yes",NA,NA,NA,NA
NA,NA,2005-04-15 09:30:00,"Hallwood","Hallwood 1 RR","Continue trapping","Not recorded","Not recorded",NA,4,4.19999980926514,"Yes",NA,NA,NA,NA
NA,NA,2005-04-16 08:15:00,"Hallwood","Hallwood 1 RR","Continue trapping","Not recorded","Not recorded",NA,3.79999995231628,4,"Yes",NA,NA,NA,NA
NA,NA,2005-04-17 12:00:00,"Hallwood","Hallwood 1 RR","Continue trapping","Not recorded","Not recorded",NA,3.59999990463257,4,"Yes",NA,NA,NA,NA
NA,NA,2005-04-18 09:00:00,"Hallwood","Hallwood 1 RR","Continue trapping","Not recorded","Not recorded",NA,3.79999995231628,4,"Yes",NA,NA,NA,NA
NA,NA,2005-04-19 10:00:00,"Hallwood","Hallwood 1 RR","Continue trapping","Not recorded","Not recorded",NA,3.59999990463257,4.09999990463257,"Yes",NA,NA,NA,NA
NA,NA,2005-04-20 15:30:00,"Hallwood","Hallwood 1 RR","Continue trapping","Not recorded","Not recorded",NA,3.5,4.09999990463257,"Yes",NA,NA,NA,NA
NA,NA,2005-04-21 10:15:00,"Hallwood","Hallwood 1 RR","Continue trapping","Not recorded","Not recorded",NA,3.59999990463257,4,"Yes",NA,NA,NA,NA
NA,NA,2005-04-22 08:30:00,"Hallwood","Hallwood 1 RR","Continue trapping","Not recorded","Not recorded",NA,3.70000004768372,4,"Yes",NA,NA,NA,NA
NA,NA,2005-04-23 11:00:00,"Hallwood","Hallwood 1 RR","Continue trapping","Not recorded","Not recorded",NA,2.70000004768372,3.59999990463257,"Yes",NA,NA,NA,NA
NA,NA,2005-04-24 11:00:00,"Hallwood","Hallwood 1 RR","Continue trapping","Not recorded","Not recorded",NA,2.59999990463257,3.70000004768372,"Yes",NA,NA,NA,NA
NA,NA,2005-04-25 09:30:00,"Hallwood","Hallwood 1 RR","Continue trapping","Not recorded","Not recorded",NA,3,4.09999990463257,"Yes",NA,NA,NA,NA
NA,NA,2005-04-26 09:30:00,"Hallwood","Hallwood 1 RR","Continue trapping","Not recorded","Not recorded",NA,5,6.19999980926514,"Yes",NA,NA,NA,NA
NA,NA,2005-04-27 10:00:00,"Hallwood","Hallwood 1 RR","Continue trapping","Not recorded","Not recorded",NA,3.90000009536743,50,"Yes",NA,NA,NA,NA
NA,NA,2005-04-28 10:00:00,"Hallwood","Hallwood 1 RR","Continue trapping","Not recorded","Not recorded",NA,3.79999995231628,4.40000009536743,"Yes",NA,NA,NA,NA
NA,NA,2005-04-29 09:30:00,"Hallwood","Hallwood 1 RR","Continue trapping","Not recorded","Not recorded",NA,4,4.80000019073486,"Yes",NA,NA,NA,NA
NA,NA,2005-04-30 10:00:00,"Hallwood","Hallwood 1 RR","Continue trapping","Not recorded","Not recorded",NA,4.19999980926514,4.59999990463257,"Yes",NA,NA,NA,NA
NA,NA,2005-05-01 11:00:00,"Hallwood","Hallwood 1 RR","Continue trapping","Not recorded","Not recorded",NA,4.59999990463257,4.69999980926514,"Yes",NA,NA,NA,NA
NA,NA,2005-05-02 09:30:00,"Hallwood","Hallwood 1 RR","Continue trapping","Not recorded","Not recorded",NA,4.80000019073486,5,"Yes",NA,NA,NA,NA
NA,NA,2005-05-03 09:30:00,"Hallwood","Hallwood 1 RR","Continue trapping","Not recorded","Not recorded",NA,3.59999990463257,4.59999990463257,"Yes",NA,NA,NA,NA
NA,NA,2005-05-04 10:20:00,"Hallwood","Hallwood 1 RR","Continue trapping","Not recorded","Not recorded",NA,4.80000019073486,5,"Yes",NA,NA,NA,NA
NA,NA,2005-05-05 09:30:00,"Hallwood","Hallwood 1 RR","Continue trapping","Not recorded","Not recorded",NA,4.80000019073486,5,"Yes",NA,NA,NA,NA
NA,NA,2005-05-06 09:30:00,"Hallwood","Hallwood 1 RR","Continue trapping","Not recorded","Not recorded",NA,5.59999990463257,5.69999980926514,"Yes",NA,NA,NA,NA
NA,NA,2005-05-07 09:30:00,"Hallwood","Hallwood 1 RR","Continue trapping","Not recorded","Not recorded",NA,4.19999980926514,4.69999980926514,"Yes",NA,NA,NA,NA
NA,NA,2005-05-08 11:00:00,"Hallwood","Hallwood 1 RR","Continue trapping","Not recorded","Not recorded",NA,4.09999990463257,4.09999990463257,"Yes",NA,NA,NA,NA
NA,NA,2005-05-09 10:00:00,"Hallwood","Hallwood 1 RR","Continue trapping","Not recorded","Not recorded",NA,3.59999990463257,4,"Yes",NA,NA,NA,NA
NA,NA,2005-05-10 10:30:00,"Hallwood","Hallwood 1 RR","Continue trapping","Not recorded","Not recorded",NA,3.90000009536743,4.90000009536743,"Yes",NA,NA,NA,NA
NA,NA,2005-05-11 10:00:00,"Hallwood","Hallwood 1 RR","Continue trapping","Not recorded","Not recorded",NA,4.30000019073486,4.80000019073486,"Yes",NA,NA,NA,NA
NA,NA,2005-05-12 11:50:00,"Hallwood","Hallwood 1 RR","Continue trapping","Not recorded","Not recorded",NA,4.5,4.80000019073486,"Yes",NA,NA,NA,NA
NA,NA,2005-05-13 09:30:00,"Hallwood","Hallwood 1 RR","Continue trapping","Not recorded","Not recorded",NA,4.80000019073486,5,"Yes",NA,NA,NA,NA
NA,NA,2005-05-14 11:30:00,"Hallwood","Hallwood 1 RR","Continue trapping","Not recorded","Not recorded",NA,4.30000019073486,4.40000009536743,"Yes",NA,NA,NA,NA
NA,NA,2005-05-15 12:00:00,"Hallwood","Hallwood 1 RR","Continue trapping","Not recorded","Not recorded",NA,4.19999980926514,4.40000009536743,"Yes",NA,NA,NA,NA
NA,NA,2005-05-16 10:30:00,"Hallwood","Hallwood 1 RR","Continue trapping","Not recorded","Not recorded",NA,4.30000019073486,4.59999990463257,"Yes",NA,NA,NA,NA
NA,NA,2005-05-17 10:30:00,"Hallwood","Hallwood 1 RR","Continue trapping","Not recorded","Not recorded",NA,4,4.5,"Yes",NA,NA,NA,NA
NA,NA,2005-05-18 10:30:00,"Hallwood","Hallwood 1 RR","Continue trapping","Not recorded","Not recorded",NA,2.90000009536743,3.20000004768372,"Yes",NA,NA,NA,NA
NA,NA,2005-05-27 09:30:00,"Hallwood","Hallwood 1 RR","Continue trapping","Not recorded","Not recorded",NA,3.59999990463257,4.19999980926514,"Yes",NA,NA,NA,NA
NA,NA,2005-05-28 09:30:00,"Hallwood","Hallwood 1 RR","Continue trapping","Not recorded","Not recorded",NA,4.30000019073486,4.30000019073486,"Yes",NA,NA,NA,NA
NA,NA,2005-05-29 12:30:00,"Hallwood","Hallwood 1 RR","Continue trapping","Not recorded","Not recorded",NA,3.90000009536743,3.90000009536743,"Yes",NA,NA,NA,NA
NA,NA,2005-05-30 09:30:00,"Hallwood","Hallwood 1 RR","Continue trapping","Not recorded","Not recorded",NA,5.69999980926514,5.69999980926514,"Yes",NA,NA,NA,NA
NA,NA,2005-05-31 09:30:00,"Hallwood","Hallwood 1 RR","Continue trapping","Not recorded","Not recorded",NA,6,NA,"Yes",NA,NA,NA,NA
NA,NA,2005-06-01 09:30:00,"Hallwood","Hallwood 1 RR","Continue trapping","Not recorded","Not recorded",NA,5.59999990463257,5.59999990463257,"Yes",NA,NA,NA,NA
NA,NA,2005-06-02 10:30:00,"Hallwood","Hallwood 1 RR","Continue trapping","Not recorded","Not recorded",NA,6,NA,"Yes",NA,NA,NA,NA
NA,NA,2005-06-03 09:00:00,"Hallwood","Hallwood 1 RR","Continue trapping","Not recorded","Not recorded",NA,6,NA,"Yes",NA,NA,NA,NA
NA,NA,2005-06-04 11:30:00,"Hallwood","Hallwood 1 RR","Continue trapping","Not recorded","Not recorded",NA,5.69999980926514,5.69999980926514,"Yes",NA,NA,NA,NA
NA,NA,2005-06-05 14:15:00,"Hallwood","Hallwood 1 RR","Continue trapping","Not recorded","Not recorded",NA,6,6,"Yes",NA,NA,NA,NA
NA,NA,2005-06-06 09:30:00,"Hallwood","Hallwood 1 RR","Continue trapping","Not recorded","Not recorded",NA,6,6,"Yes",NA,NA,NA,NA
NA,NA,2005-06-07 10:00:00,"Hallwood","Hallwood 1 RR","Continue trapping","Not recorded","Not recorded",NA,5.80000019073486,6,"Yes",NA,NA,NA,NA
NA,NA,2005-06-08 10:30:00,"Hallwood","Hallwood 1 RR","Continue trapping","Not recorded","Not recorded",NA,5.80000019073486,5.80000019073486,"Yes",NA,NA,NA,NA
NA,NA,2005-06-09 09:30:00,"Hallwood","Hallwood 1 RR","Continue trapping","Not recorded","Not recorded",NA,6,NA,"Yes",NA,NA,NA,NA
NA,NA,2005-06-10 08:30:00,"Hallwood","Hallwood 1 RR","Continue trapping","Not recorded","Not recorded",NA,6,6,"Yes",NA,NA,NA,NA
NA,NA,2005-06-11 13:30:00,"Hallwood","Hallwood 1 RR","Continue trapping","Not recorded","Not recorded",NA,5.19999980926514,5.19999980926514,"Yes",NA,NA,NA,NA
NA,NA,2005-06-12 14:00:00,"Hallwood","Hallwood 1 RR","Continue trapping","Not recorded","Not recorded",NA,5.59999990463257,5.59999990463257,"Yes",NA,NA,NA,NA
NA,NA,2005-06-13 10:00:00,"Hallwood","Hallwood 1 RR","Continue trapping","Not recorded","Not recorded",NA,5,5,"Yes",NA,NA,NA,NA
NA,NA,2005-06-14 09:30:00,"Hallwood","Hallwood 1 RR","Continue trapping","Not recorded","Not recorded",NA,5.59999990463257,5.59999990463257,"Yes",NA,NA,NA,NA
NA,NA,2005-06-15 10:00:00,"Hallwood","Hallwood 1 RR","Continue trapping","Not recorded","Not recorded",NA,5.80000019073486,5.80000019073486,"Yes",NA,NA,NA,NA
NA,NA,2005-06-16 10:00:00,"Hallwood","Hallwood 1 RR","Continue trapping","Not recorded","Not recorded",NA,5.69999980926514,5.69999980926514,"Yes",NA,NA,NA,NA
NA,NA,2005-06-17 10:00:00,"Hallwood","Hallwood 1 RR","Continue trapping","Not recorded","Not recorded",NA,4.90000009536743,5.30000019073486,"Yes",NA,NA,NA,NA
NA,NA,2005-06-18 13:30:00,"Hallwood","Hallwood 1 RR","Continue trapping","Not recorded","Not recorded",NA,5.19999980926514,5.19999980926514,"Yes",NA,NA,NA,NA
NA,NA,2005-06-19 12:00:00,"Hallwood","Hallwood 1 RR","Continue trapping","Not recorded","Not recorded",NA,5.19999980926514,5.19999980926514,"Yes",NA,NA,NA,NA
NA,NA,2005-06-20 10:00:00,"Hallwood","Hallwood 1 RR","Continue trapping","Not recorded","Not recorded",NA,5,5,"Yes",NA,NA,NA,NA
NA,NA,2005-06-21 10:30:00,"Hallwood","Hallwood 1 RR","Continue trapping","Not recorded","Not recorded",NA,3.70000004768372,4,"Yes",NA,NA,NA,NA
NA,NA,2005-06-22 10:00:00,"Hallwood","Hallwood 1 RR","Continue trapping","Not recorded","Not recorded",NA,3.20000004768372,4,"Yes",NA,NA,NA,NA
NA,NA,2005-06-23 12:30:00,"Hallwood","Hallwood 1 RR","Continue trapping","Not recorded","Not recorded",NA,3.5,3.79999995231628,"Yes",NA,NA,NA,NA
NA,NA,2005-06-24 12:00:00,"Hallwood","Hallwood 1 RR","Continue trapping","Not recorded","Not recorded",NA,3.20000004768372,3.5,"Yes",NA,NA,NA,NA
NA,NA,2005-06-25 13:15:00,"Hallwood","Hallwood 1 RR","Continue trapping","Not recorded","Not recorded",NA,3.20000004768372,3.59999990463257,"Yes",NA,NA,NA,NA
NA,NA,2005-06-26 14:00:00,"Hallwood","Hallwood 1 RR","Continue trapping","Not recorded","Not recorded",NA,3.09999990463257,3.59999990463257,"Yes",NA,NA,NA,NA
NA,NA,2005-06-27 09:30:00,"Hallwood","Hallwood 1 RR","Continue trapping","Not recorded","Not recorded",NA,3.59999990463257,3.70000004768372,"Yes",NA,NA,NA,NA
NA,NA,2005-10-10 09:30:00,"Hallwood","Hallwood 1 RR","Continue trapping","Not recorded","Not recorded",NA,3,3.20000004768372,"Yes",NA,NA,NA,NA
NA,NA,2005-10-11 09:00:00,"Hallwood","Hallwood 1 RR","Continue trapping","Not recorded","Not recorded",NA,3.09999990463257,3.20000004768372,"Yes",NA,NA,NA,NA
NA,NA,2005-10-13 09:30:00,"Hallwood","Hallwood 1 RR","Continue trapping","Not recorded","Not recorded",NA,3.5,3.70000004768372,"Yes",NA,NA,NA,NA
NA,NA,2005-10-18 09:30:00,"Hallwood","Hallwood 1 RR","Continue trapping","Not recorded","Not recorded",NA,3.5,3.5,"Yes",NA,NA,NA,NA
NA,NA,2005-10-19 09:15:00,"Hallwood","Hallwood 1 RR","Continue trapping","Not recorded","Not recorded",NA,3.5,3.5,"Yes",NA,NA,NA,NA
NA,NA,2005-11-01 08:00:00,"Hallwood","Hallwood 1 RR","Continue trapping","Not recorded","Not recorded",NA,5.90000009536743,6,"Yes",NA,NA,NA,NA
NA,NA,2005-11-06 12:15:00,"Hallwood","Hallwood 1 RR","Continue trapping","Not recorded","Not recorded",NA,5.90000009536743,5.90000009536743,"Yes",NA,NA,NA,NA
NA,NA,2005-11-12 09:30:00,"Hallwood","Hallwood 1 RR","Continue trapping","Not recorded","Not recorded",NA,6,6,"Yes",NA,NA,NA,NA
NA,NA,2005-11-14 09:30:00,"Hallwood","Hallwood 1 RR","Continue trapping","Not recorded","Not recorded",NA,6,6,"Yes",NA,NA,NA,NA
NA,NA,2005-11-15 09:00:00,"Hallwood","Hallwood 1 RR","Continue trapping","Not recorded","Not recorded",NA,6,6.09999990463257,"Yes",NA,NA,NA,NA
NA,NA,2005-11-16 10:00:00,"Hallwood","Hallwood 1 RR","Continue trapping","Not recorded","Not recorded",NA,5.5,6,"Yes",NA,NA,NA,NA
NA,NA,2005-11-17 09:30:00,"Hallwood","Hallwood 1 RR","Continue trapping","Not recorded","Not recorded",NA,6,6.09999990463257,"Yes",NA,NA,NA,NA
NA,NA,2005-11-18 09:30:00,"Hallwood","Hallwood 1 RR","Continue trapping","Not recorded","Not recorded",NA,5.44999980926514,6,"Yes",NA,NA,NA,NA
NA,NA,2005-11-19 13:00:00,"Hallwood","Hallwood 1 RR","Continue trapping","Not recorded","Not recorded",NA,5.59999990463257,6,"Yes",NA,NA,NA,NA
NA,NA,2005-11-20 13:00:00,"Hallwood","Hallwood 1 RR","Continue trapping","Not recorded","Not recorded",NA,5.59999990463257,6,"Yes",NA,NA,NA,NA
NA,NA,2005-11-21 10:15:00,"Hallwood","Hallwood 1 RR","Continue trapping","Not recorded","Not recorded",NA,5.90000009536743,6,"Yes",NA,NA,NA,NA
NA,NA,2005-11-22 08:15:00,"Hallwood","Hallwood 1 RR","Continue trapping","Not recorded","Not recorded",NA,5,5.5,"Yes",NA,NA,NA,NA
NA,NA,2005-11-23 10:00:00,"Hallwood","Hallwood 1 RR","Continue trapping","Not recorded","Not recorded",NA,5.80000019073486,5.80000019073486,"Yes",NA,NA,NA,NA
NA,NA,2005-11-24 10:00:00,"Hallwood","Hallwood 1 RR","Continue trapping","Not recorded","Not recorded",NA,6,6,"Yes",NA,NA,NA,NA
NA,NA,2005-11-25 11:00:00,"Hallwood","Hallwood 1 RR","Continue trapping","Not recorded","Not recorded",NA,6,6,"Yes",NA,NA,NA,NA
NA,NA,2005-11-26 11:30:00,"Hallwood","Hallwood 1 RR","Continue trapping","Not recorded","Not recorded",NA,5.59999990463257,5.59999990463257,"Yes",NA,NA,NA,NA
NA,NA,2005-11-27 13:00:00,"Hallwood","Hallwood 1 RR","Continue trapping","Not recorded","Not recorded",NA,5.5,5.5,"Yes",NA,NA,NA,NA
NA,NA,2005-11-28 09:00:00,"Hallwood","Hallwood 1 RR","Continue trapping","Not recorded","Not recorded",NA,5.59999990463257,5.59999990463257,"Yes",NA,NA,NA,NA
NA,NA,2005-11-29 10:30:00,"Hallwood","Hallwood 1 RR","Continue trapping","Not recorded","Not recorded",NA,6,6,"Yes",NA,NA,NA,NA
NA,NA,2005-11-30 09:00:00,"Hallwood","Hallwood 1 RR","Continue trapping","Not recorded","Not recorded",NA,6,6.09999990463257,"Yes",NA,NA,NA,NA
NA,NA,2005-12-01 09:30:00,"Hallwood","Hallwood 1 RR","Continue trapping","Not recorded","Not recorded",NA,6,6,"Yes",NA,NA,NA,NA
NA,NA,2005-12-02 09:30:00,"Hallwood","Hallwood 1 RR","Unplanned restart","Not recorded","Not recorded",NA,NA,NA,"Yes",NA,NA,NA,NA
NA,NA,2005-12-04 09:20:00,"Hallwood","Hallwood 1 RR","Continue trapping","Not recorded","Not recorded",NA,4.59999990463257,4.19999980926514,"Yes",NA,NA,NA,NA
NA,NA,2005-12-05 09:30:00,"Hallwood","Hallwood 1 RR","Continue trapping","Not recorded","Not recorded",NA,2.5,NA,"Yes",NA,NA,NA,NA
NA,NA,2005-12-06 08:30:00,"Hallwood","Hallwood 1 RR","Continue trapping","Not recorded","Not recorded",NA,4.80000019073486,4.80000019073486,"Yes",NA,NA,NA,NA
NA,NA,2005-12-07 08:30:00,"Hallwood","Hallwood 1 RR","Continue trapping","Not recorded","Not recorded",NA,2.79999995231628,2.79999995231628,"Yes",NA,NA,NA,NA
NA,NA,2005-12-08 09:30:00,"Hallwood","Hallwood 1 RR","Continue trapping","Not recorded","Not recorded",NA,2.79999995231628,2.79999995231628,"Yes",NA,NA,NA,NA
NA,NA,2005-12-09 09:30:00,"Hallwood","Hallwood 1 RR","Continue trapping","Not recorded","Not recorded",NA,2.59999990463257,2.59999990463257,"Yes",NA,NA,NA,NA
NA,NA,2005-12-10 10:30:00,"Hallwood","Hallwood 1 RR","Continue trapping","Not recorded","Not recorded",NA,3,3,"Yes",NA,NA,NA,NA
NA,NA,2005-12-11 12:00:00,"Hallwood","Hallwood 1 RR","Continue trapping","Not recorded","Not recorded",NA,3,3,"Yes",NA,NA,NA,NA
NA,NA,2005-12-12 10:00:00,"Hallwood","Hallwood 1 RR","Continue trapping","Not recorded","Not recorded",NA,3,3,"Yes",NA,NA,NA,NA
NA,NA,2005-12-13 09:30:00,"Hallwood","Hallwood 1 RR","Continue trapping","Not recorded","Not recorded",NA,3,3.15000009536743,"Yes",NA,NA,NA,NA
NA,NA,2005-12-14 10:00:00,"Hallwood","Hallwood 1 RR","Continue trapping","Not recorded","Not recorded",NA,3,3.09999990463257,"Yes",NA,NA,NA,NA
NA,NA,2005-12-15 09:30:00,"Hallwood","Hallwood 1 RR","Continue trapping","Not recorded","Not recorded",NA,3.09999990463257,3.09999990463257,"Yes",NA,NA,NA,NA
NA,NA,2005-12-16 09:30:00,"Hallwood","Hallwood 1 RR","Continue trapping","Not recorded","Not recorded",NA,3.09999990463257,3.09999990463257,"Yes",NA,NA,NA,NA
NA,NA,2005-12-17 10:00:00,"Hallwood","Hallwood 1 RR","Continue trapping","Not recorded","Not recorded",NA,3.40000009536743,3.40000009536743,"Yes",NA,NA,NA,NA
NA,NA,2005-12-18 12:00:00,"Hallwood","Hallwood 1 RR","Continue trapping","Not recorded","Not recorded",NA,4,4,"Yes",NA,NA,NA,NA
NA,NA,2005-12-19 10:30:00,"Hallwood","Hallwood 1 RR","Continue trapping","Not recorded","Not recorded",NA,4.19999980926514,4.19999980926514,"Yes",NA,NA,NA,NA
NA,NA,2005-12-20 10:00:00,"Hallwood","Hallwood 1 RR","Continue trapping","Not recorded","Not recorded",NA,5.80000019073486,5.80000019073486,"Yes",NA,NA,NA,NA
NA,NA,2005-12-22 10:00:00,"Hallwood","Hallwood 1 RR","Continue trapping","Not recorded","Not recorded",NA,5.69999980926514,5.69999980926514,"Yes",NA,NA,NA,NA
NA,NA,2006-01-10 09:30:00,"Hallwood","Hallwood 1 RR","Continue trapping","Not recorded","Not recorded",NA,5.09999990463257,5.09999990463257,"Yes",NA,NA,NA,NA
NA,NA,2006-01-11 10:00:00,"Hallwood","Hallwood 1 RR","Continue trapping","Not recorded","Not recorded",NA,4.40000009536743,4.40000009536743,"Yes",NA,NA,NA,NA
NA,NA,2006-01-13 09:30:00,"Hallwood","Hallwood 1 RR","Continue trapping","Not recorded","Not recorded",NA,4,4,"Yes",NA,NA,NA,NA
NA,NA,2006-01-14 11:45:00,"Hallwood","Hallwood 1 RR","Continue trapping","Not recorded","Not recorded",NA,4.59999990463257,4.59999990463257,"Yes",NA,NA,NA,NA
NA,NA,2006-01-15 12:00:00,"Hallwood","Hallwood 1 RR","Continue trapping","Not recorded","Not recorded",NA,4.80000019073486,4.80000019073486,"Yes",NA,NA,NA,NA
NA,NA,2006-01-16 09:30:00,"Hallwood","Hallwood 1 RR","Continue trapping","Not recorded","Not recorded",NA,0,4.19999980926514,"Yes",NA,NA,NA,NA
NA,NA,2006-01-17 09:30:00,"Hallwood","Hallwood 1 RR","Continue trapping","Not recorded","Not recorded",NA,4,4,"Yes",NA,NA,NA,NA
NA,NA,2006-01-18 09:30:00,"Hallwood","Hallwood 1 RR","Continue trapping","Not recorded","Not recorded",NA,4,4,"Yes",NA,NA,NA,NA
NA,NA,2006-01-19 10:00:00,"Hallwood","Hallwood 1 RR","Continue trapping","Not recorded","Not recorded",NA,4.5,4.5,"Yes",NA,NA,NA,NA
NA,NA,2006-01-20 09:30:00,"Hallwood","Hallwood 1 RR","Continue trapping","Not recorded","Not recorded",NA,4.80000019073486,4.80000019073486,"Yes",NA,NA,NA,NA
NA,NA,2006-01-21 12:30:00,"Hallwood","Hallwood 1 RR","Continue trapping","Not recorded","Not recorded",NA,6,6,"Yes",NA,NA,NA,NA
NA,NA,2006-01-22 12:30:00,"Hallwood","Hallwood 1 RR","Continue trapping","Not recorded","Not recorded",NA,4.59999990463257,4.59999990463257,"Yes",NA,NA,NA,NA
NA,NA,2006-01-23 10:00:00,"Hallwood","Hallwood 1 RR","Continue trapping","Not recorded","Not recorded",NA,4.80000019073486,4.80000019073486,"Yes",NA,NA,NA,NA
NA,NA,2006-01-24 09:30:00,"Hallwood","Hallwood 1 RR","Continue trapping","Not recorded","Not recorded",NA,5.69999980926514,5.69999980926514,"Yes",NA,NA,NA,NA
NA,NA,2006-01-25 09:30:00,"Hallwood","Hallwood 1 RR","Continue trapping","Not recorded","Not recorded",NA,5,5,"Yes",NA,NA,NA,NA
NA,NA,2006-01-26 09:30:00,"Hallwood","Hallwood 1 RR","Continue trapping","Not recorded","Not recorded",NA,5,5,"Yes",NA,NA,NA,NA
NA,NA,2006-01-27 09:30:00,"Hallwood","Hallwood 1 RR","Continue trapping","Not recorded","Not recorded",NA,5.19999980926514,5.19999980926514,"Yes",NA,NA,NA,NA
NA,NA,2006-01-29 12:30:00,"Hallwood","Hallwood 1 RR","Continue trapping","Not recorded","Not recorded",NA,4.59999990463257,4.59999990463257,"Yes",NA,NA,NA,NA
NA,NA,2006-01-30 09:45:00,"Hallwood","Hallwood 1 RR","Continue trapping","Not recorded","Not recorded",NA,5,5,"Yes",NA,NA,NA,NA
NA,NA,2006-01-31 09:30:00,"Hallwood","Hallwood 1 RR","Continue trapping","Not recorded","Not recorded",NA,5,5,"Yes",NA,NA,NA,NA
NA,NA,2006-02-01 09:30:00,"Hallwood","Hallwood 1 RR","Continue trapping","Not recorded","Not recorded",NA,5,5,"Yes",NA,NA,NA,NA
NA,NA,2006-02-02 09:30:00,"Hallwood","Hallwood 1 RR","Continue trapping","Not recorded","Not recorded",NA,4.5,4.5,"Yes",NA,NA,NA,NA
NA,NA,2006-02-03 09:30:00,"Hallwood","Hallwood 1 RR","Continue trapping","Not recorded","Not recorded",NA,4.69999980926514,4.69999980926514,"Yes",NA,NA,NA,NA
NA,NA,2006-02-04 12:00:00,"Hallwood","Hallwood 1 RR","Continue trapping","Not recorded","Not recorded",NA,3.70000004768372,3.70000004768372,"Yes",NA,NA,NA,NA
NA,NA,2006-02-05 12:15:00,"Hallwood","Hallwood 1 RR","Continue trapping","Not recorded","Not recorded",NA,4.59999990463257,4.59999990463257,"Yes",NA,NA,NA,NA
NA,NA,2006-02-06 10:30:00,"Hallwood","Hallwood 1 RR","Continue trapping","Not recorded","Not recorded",NA,4,4,"Yes",NA,NA,NA,NA
NA,NA,2006-02-07 09:30:00,"Hallwood","Hallwood 1 RR","Continue trapping","Not recorded","Not recorded",NA,4.19999980926514,4.19999980926514,"Yes",NA,NA,NA,NA
NA,NA,2006-02-08 09:30:00,"Hallwood","Hallwood 1 RR","Continue trapping","Not recorded","Not recorded",NA,4,4,"Yes",NA,NA,NA,NA
NA,NA,2006-02-09 09:30:00,"Hallwood","Hallwood 1 RR","Continue trapping","Not recorded","Not recorded",NA,5.69999980926514,5.69999980926514,"Yes",NA,NA,NA,NA
NA,NA,2006-02-10 10:30:00,"Hallwood","Hallwood 1 RR","Continue trapping","Not recorded","Not recorded",NA,4,4,"Yes",NA,NA,NA,NA
NA,NA,2006-02-11 12:00:00,"Hallwood","Hallwood 1 RR","Continue trapping","Not recorded","Not recorded",NA,4.19999980926514,4.19999980926514,"Yes",NA,NA,NA,NA
NA,NA,2006-02-12 11:45:00,"Hallwood","Hallwood 1 RR","Continue trapping","Not recorded","Not recorded",NA,4.19999980926514,4.19999980926514,"Yes",NA,NA,NA,NA
NA,NA,2006-02-13 09:30:00,"Hallwood","Hallwood 1 RR","Continue trapping","Not recorded","Not recorded",NA,5,5,"Yes",NA,NA,NA,NA
NA,NA,2006-02-14 09:30:00,"Hallwood","Hallwood 1 RR","Continue trapping","Not recorded","Not recorded",NA,4.59999990463257,4.59999990463257,"Yes",NA,NA,NA,NA
NA,NA,2006-02-15 09:30:00,"Hallwood","Hallwood 1 RR","Continue trapping","Not recorded","Not recorded",NA,4.09999990463257,4.09999990463257,"Yes",NA,NA,NA,NA
NA,NA,2006-02-16 09:30:00,"Hallwood","Hallwood 1 RR","Continue trapping","Not recorded","Not recorded",NA,3.90000009536743,3.90000009536743,"Yes",NA,NA,NA,NA
NA,NA,2006-02-17 09:00:00,"Hallwood","Hallwood 1 RR","Continue trapping","Not recorded","Not recorded",NA,3.59999990463257,3.59999990463257,"Yes",NA,NA,NA,NA
NA,NA,2006-02-18 10:30:00,"Hallwood","Hallwood 1 RR","Continue trapping","Not recorded","Not recorded",NA,4.59999990463257,4.59999990463257,"Yes",NA,NA,NA,NA
NA,NA,2006-02-19 12:00:00,"Hallwood","Hallwood 1 RR","Continue trapping","Not recorded","Not recorded",NA,4.19999980926514,4.19999980926514,"Yes",NA,NA,NA,NA
NA,NA,2006-02-20 09:30:00,"Hallwood","Hallwood 1 RR","Continue trapping","Not recorded","Not recorded",NA,4.59999990463257,4.59999990463257,"Yes",NA,NA,NA,NA
NA,NA,2006-02-21 09:30:00,"Hallwood","Hallwood 1 RR","Continue trapping","Not recorded","Not recorded",NA,4.19999980926514,4.19999980926514,"Yes",NA,NA,NA,NA
NA,NA,2006-02-22 09:30:00,"Hallwood","Hallwood 1 RR","Continue trapping","Not recorded","Not recorded",NA,4.5,4.5,"Yes",NA,NA,NA,NA
NA,NA,2006-02-23 10:00:00,"Hallwood","Hallwood 1 RR","Continue trapping","Not recorded","Not recorded",NA,4.19999980926514,4.19999980926514,"Yes",NA,NA,NA,NA
NA,NA,2006-02-24 10:30:00,"Hallwood","Hallwood 1 RR","Continue trapping","Not recorded","Not recorded",NA,4.59999990463257,4.59999990463257,"Yes",NA,NA,NA,NA
NA,NA,2006-02-25 11:00:00,"Hallwood","Hallwood 1 RR","Continue trapping","Not recorded","Not recorded",NA,4.19999980926514,4.19999980926514,"Yes",NA,NA,NA,NA
NA,NA,2006-02-26 13:00:00,"Hallwood","Hallwood 1 RR","Continue trapping","Not recorded","Not recorded",NA,4.59999990463257,4.59999990463257,"Yes",NA,NA,NA,NA
NA,NA,2006-02-27 10:00:00,"Hallwood","Hallwood 1 RR","Continue trapping","Not recorded","Not recorded",NA,NA,NA,"Yes",NA,NA,NA,NA
NA,NA,2006-03-09 09:30:00,"Hallwood","Hallwood 1 RR","Continue trapping","Not recorded","Not recorded",NA,3,3,"Yes",NA,NA,NA,NA
NA,NA,2006-03-10 09:30:00,"Hallwood","Hallwood 1 RR","Continue trapping","Not recorded","Not recorded",NA,2.79999995231628,2.79999995231628,"Yes",NA,NA,NA,NA
NA,NA,2006-03-11 12:00:00,"Hallwood","Hallwood 1 RR","Continue trapping","Not recorded","Not recorded",NA,2.70000004768372,2.70000004768372,"Yes",NA,NA,NA,NA
NA,NA,2006-03-12 12:00:00,"Hallwood","Hallwood 1 RR","Continue trapping","Not recorded","Not recorded",NA,4.19999980926514,4.19999980926514,"Yes",NA,NA,NA,NA
NA,NA,2006-03-13 09:30:00,"Hallwood","Hallwood 1 RR","Continue trapping","Not recorded","Not recorded",NA,4.80000019073486,4.80000019073486,"Yes",NA,NA,NA,NA
NA,NA,2006-03-14 09:30:00,"Hallwood","Hallwood 1 RR","Continue trapping","Not recorded","Not recorded",NA,4.59999990463257,4.59999990463257,"Yes",NA,NA,NA,NA
NA,NA,2006-03-15 09:30:00,"Hallwood","Hallwood 1 RR","Continue trapping","Not recorded","Not recorded",NA,4.5,4.5,"Yes",NA,NA,NA,NA
NA,NA,2006-03-16 10:30:00,"Hallwood","Hallwood 1 RR","Continue trapping","Not recorded","Not recorded",NA,4,4,"Yes",NA,NA,NA,NA
NA,NA,2006-03-17 09:00:00,"Hallwood","Hallwood 1 RR","Continue trapping","Not recorded","Not recorded",NA,2.40000009536743,2.40000009536743,"Yes",NA,NA,NA,NA
NA,NA,2006-03-18 12:15:00,"Hallwood","Hallwood 1 RR","Continue trapping","Not recorded","Not recorded",NA,4,4,"Yes",NA,NA,NA,NA
NA,NA,2006-03-20 09:30:00,"Hallwood","Hallwood 1 RR","Continue trapping","Not recorded","Not recorded",NA,4.19999980926514,4.19999980926514,"Yes",NA,NA,NA,NA
NA,NA,2006-03-21 09:30:00,"Hallwood","Hallwood 1 RR","Continue trapping","Not recorded","Not recorded",NA,5.40000009536743,5.40000009536743,"Yes",NA,NA,NA,NA
NA,NA,2006-03-22 09:30:00,"Hallwood","Hallwood 1 RR","Continue trapping","Not recorded","Not recorded",NA,4.09999990463257,4.09999990463257,"Yes",NA,NA,NA,NA
NA,NA,2006-03-23 10:00:00,"Hallwood","Hallwood 1 RR","Continue trapping","Not recorded","Not recorded",NA,4,4,"Yes",NA,NA,NA,NA
NA,NA,2006-03-24 09:30:00,"Hallwood","Hallwood 1 RR","Continue trapping","Not recorded","Not recorded",NA,3.90000009536743,3.90000009536743,"Yes",NA,NA,NA,NA
NA,NA,2006-03-28 09:30:00,"Hallwood","Hallwood 1 RR","Continue trapping","Not recorded","Not recorded",NA,3,3,"Yes",NA,NA,NA,NA
NA,NA,2006-03-29 09:30:00,"Hallwood","Hallwood 1 RR","Continue trapping","Not recorded","Not recorded",NA,3,3,"Yes",NA,NA,NA,NA
NA,NA,2006-03-30 09:30:00,"Hallwood","Hallwood 1 RR","Continue trapping","Not recorded","Not recorded",NA,3,3,"Yes",NA,NA,NA,NA
NA,NA,2006-03-31 09:45:00,"Hallwood","Hallwood 1 RR","Continue trapping","Not recorded","Not recorded",NA,2.79999995231628,2.79999995231628,"Yes",NA,NA,NA,NA
NA,NA,2006-04-01 10:00:00,"Hallwood","Hallwood 1 RR","Continue trapping","Not recorded","Not recorded",NA,4.09999990463257,4.09999990463257,"Yes",NA,NA,NA,NA
NA,NA,2006-04-02 13:00:00,"Hallwood","Hallwood 1 RR","Continue trapping","Not recorded","Not recorded",NA,2,2,"Yes",NA,NA,NA,NA
NA,NA,2006-04-03 09:30:00,"Hallwood","Hallwood 1 RR","End trapping","Not recorded","Not recorded",NA,NA,NA,"Yes",NA,NA,NA,NA
NA,NA,2006-04-22 13:00:00,"Hallwood","Hallwood 1 RR","Continue trapping","Not recorded","Not recorded",NA,4,4,"Yes",NA,NA,NA,NA
NA,NA,2006-04-23 10:30:00,"Hallwood","Hallwood 1 RR","Continue trapping","Not recorded","Not recorded",NA,5.5,5.5,"Yes",NA,NA,NA,NA
NA,NA,2006-04-24 09:30:00,"Hallwood","Hallwood 1 RR","Continue trapping","Not recorded","Not recorded",NA,5,5,"Yes",NA,NA,NA,NA
NA,NA,2006-04-25 09:30:00,"Hallwood","Hallwood 1 RR","Continue trapping","Not recorded","Not recorded",NA,5,5,"Yes",NA,NA,NA,NA
NA,NA,2006-04-26 09:30:00,"Hallwood","Hallwood 1 RR","Continue trapping","Not recorded","Not recorded",NA,4.5,4.5,"Yes",NA,NA,NA,NA
NA,NA,2006-04-27 09:30:00,"Hallwood","Hallwood 1 RR","Continue trapping","Not recorded","Not recorded",NA,5.90000009536743,5.90000009536743,"Yes",NA,NA,NA,NA
NA,NA,2006-04-29 11:30:00,"Hallwood","Hallwood 1 RR","Continue trapping","Not recorded","Not recorded",NA,3.20000004768372,3.20000004768372,"Yes",NA,NA,NA,NA
NA,NA,2006-05-09 09:30:00,"Hallwood","Hallwood 1 RR","Continue trapping","Not recorded","Not recorded",NA,6.30000019073486,6.30000019073486,"Yes",NA,NA,NA,NA
NA,NA,2006-05-10 10:30:00,"Hallwood","Hallwood 1 RR","Continue trapping","Not recorded","Not recorded",NA,4.09999990463257,4.09999990463257,"Yes",NA,NA,NA,NA
NA,NA,2006-05-11 11:00:00,"Hallwood","Hallwood 1 RR","Continue trapping","Not recorded","Not recorded",NA,5.80000019073486,6.40000009536743,"Yes",NA,NA,NA,NA
NA,NA,2006-05-12 09:30:00,"Hallwood","Hallwood 1 RR","Continue trapping","Not recorded","Not recorded",NA,4.69999980926514,4.69999980926514,"Yes",NA,NA,NA,NA
NA,NA,2006-05-13 13:30:00,"Hallwood","Hallwood 1 RR","Continue trapping","Not recorded","Not recorded",NA,5,5,"Yes",NA,NA,NA,NA
NA,NA,2006-05-17 07:30:00,"Hallwood","Hallwood 1 RR","Continue trapping","Not recorded","Not recorded",NA,3.59999990463257,3.59999990463257,"Yes",NA,NA,NA,NA
NA,NA,2006-05-18 10:00:00,"Hallwood","Hallwood 1 RR","Continue trapping","Not recorded","Not recorded",NA,5.90000009536743,5.90000009536743,"Yes",NA,NA,NA,NA
NA,NA,2006-05-19 10:30:00,"Hallwood","Hallwood 1 RR","Continue trapping","Not recorded","Not recorded",NA,5.40000009536743,5.40000009536743,"Yes",NA,NA,NA,NA
NA,NA,2006-05-20 12:30:00,"Hallwood","Hallwood 1 RR","Continue trapping","Not recorded","Not recorded",NA,3.90000009536743,3.90000009536743,"Yes",NA,NA,NA,NA
NA,NA,2006-05-21 13:00:00,"Hallwood","Hallwood 1 RR","Continue trapping","Not recorded","Not recorded",NA,5.19999980926514,5.19999980926514,"Yes",NA,NA,NA,NA
NA,NA,2006-05-22 09:30:00,"Hallwood","Hallwood 1 RR","Continue trapping","Not recorded","Not recorded",NA,5.40000009536743,5.40000009536743,"Yes",NA,NA,NA,NA
NA,NA,2006-05-23 09:30:00,"Hallwood","Hallwood 1 RR","Continue trapping","Not recorded","Not recorded",NA,5.40000009536743,5.40000009536743,"Yes",NA,NA,NA,NA
NA,NA,2006-05-25 10:00:00,"Hallwood","Hallwood 1 RR","Continue trapping","Not recorded","Not recorded",NA,3,3,"Yes",NA,NA,NA,NA
NA,NA,2006-05-26 10:00:00,"Hallwood","Hallwood 1 RR","Continue trapping","Not recorded","Not recorded",NA,6,6,"Yes",NA,NA,NA,NA
NA,NA,2006-05-27 13:00:00,"Hallwood","Hallwood 1 RR","Continue trapping","Not recorded","Not recorded",NA,5.40000009536743,6,"Yes",NA,NA,NA,NA
NA,NA,2006-05-28 12:00:00,"Hallwood","Hallwood 1 RR","Continue trapping","Not recorded","Not recorded",NA,5,6,"Yes",NA,NA,NA,NA
NA,NA,2006-05-29 09:45:00,"Hallwood","Hallwood 1 RR","Continue trapping","Not recorded","Not recorded",NA,6,6,"Yes",NA,NA,NA,NA
NA,NA,2006-05-30 10:00:00,"Hallwood","Hallwood 1 RR","Continue trapping","Not recorded","Not recorded",NA,5.80000019073486,5.90000009536743,"Yes",NA,NA,NA,NA
NA,NA,2006-05-31 09:30:00,"Hallwood","Hallwood 1 RR","Continue trapping","Not recorded","Not recorded",NA,5.59999990463257,5.90000009536743,"Yes",NA,NA,NA,NA
NA,NA,2006-06-01 10:00:00,"Hallwood","Hallwood 1 RR","Continue trapping","Not recorded","Not recorded",NA,6,6,"Yes",NA,NA,NA,NA
NA,NA,2006-06-02 10:30:00,"Hallwood","Hallwood 1 RR","Continue trapping","Not recorded","Not recorded",NA,5.5,5.59999990463257,"Yes",NA,NA,NA,NA
NA,NA,2006-06-03 12:00:00,"Hallwood","Hallwood 1 RR","Continue trapping","Not recorded","Not recorded",NA,5,5.30000019073486,"Yes",NA,NA,NA,NA
NA,NA,2006-06-04 11:00:00,"Hallwood","Hallwood 1 RR","Continue trapping","Not recorded","Not recorded",NA,5.59999990463257,5.90000009536743,"Yes",NA,NA,NA,NA
NA,NA,2006-06-05 10:00:00,"Hallwood","Hallwood 1 RR","Continue trapping","Not recorded","Not recorded",NA,5.80000019073486,5.80000019073486,"Yes",NA,NA,NA,NA
NA,NA,2006-06-06 10:00:00,"Hallwood","Hallwood 1 RR","Continue trapping","Not recorded","Not recorded",NA,5.44999980926514,6,"Yes",NA,NA,NA,NA
NA,NA,2006-06-07 10:30:00,"Hallwood","Hallwood 1 RR","Continue trapping","Not recorded","Not recorded",NA,5.19999980926514,6,"Yes",NA,NA,NA,NA
NA,NA,2006-06-08 10:30:00,"Hallwood","Hallwood 1 RR","Continue trapping","Not recorded","Not recorded",NA,5,5.40000009536743,"Yes",NA,NA,NA,NA
NA,NA,2006-06-09 10:30:00,"Hallwood","Hallwood 1 RR","Continue trapping","Not recorded","Not recorded",NA,4.80000019073486,5.09999990463257,"Yes",NA,NA,NA,NA
NA,NA,2006-06-10 13:00:00,"Hallwood","Hallwood 1 RR","Continue trapping","Not recorded","Not recorded",NA,4.80000019073486,5,"Yes",NA,NA,NA,NA
NA,NA,2006-06-11 11:00:00,"Hallwood","Hallwood 1 RR","Continue trapping","Not recorded","Not recorded",NA,5,5,"Yes",NA,NA,NA,NA
NA,NA,2006-06-12 10:00:00,"Hallwood","Hallwood 1 RR","Continue trapping","Not recorded","Not recorded",NA,5.80000019073486,6,"Yes",NA,NA,NA,NA
NA,NA,2006-06-13 08:30:00,"Hallwood","Hallwood 1 RR","Continue trapping","Not recorded","Not recorded",NA,5.30000019073486,5.40000009536743,"Yes",NA,NA,NA,NA
NA,NA,2006-10-22 02:15:00,"Hallwood","Hallwood 1 RR","Continue trapping","Not recorded","Not recorded",NA,3.90000009536743,5.90000009536743,"Yes",NA,NA,NA,NA
NA,NA,2006-11-04 09:15:00,"Hallwood","Hallwood 1 RR","Continue trapping","Not recorded","Not recorded",NA,0,0,"Yes",NA,NA,NA,NA
NA,NA,2006-11-18 09:45:00,"Hallwood","Hallwood 1 RR","Continue trapping","Not recorded","Not recorded",NA,0.479999989271164,0.479999989271164,"Yes",NA,NA,NA,NA
NA,NA,2006-11-19 09:45:00,"Hallwood","Hallwood 1 RR","Continue trapping","Not recorded","Not recorded",NA,0,0,"Yes",NA,NA,NA,NA
NA,NA,2006-11-20 09:30:00,"Hallwood","Hallwood 1 RR","Continue trapping","Not recorded","Not recorded",NA,0.579999983310699,0.579999983310699,"Yes",NA,NA,NA,NA
NA,NA,2006-11-21 09:30:00,"Hallwood","Hallwood 1 RR","Continue trapping","Not recorded","Not recorded",NA,0.589999973773956,0.589999973773956,"Yes",NA,NA,NA,NA
NA,NA,2006-11-22 09:30:00,"Hallwood","Hallwood 1 RR","Continue trapping","Not recorded","Not recorded",NA,0.540000021457672,0.540000021457672,"Yes",NA,NA,NA,NA
NA,NA,2006-11-23 08:30:00,"Hallwood","Hallwood 1 RR","Continue trapping","Not recorded","Not recorded",NA,0.579999983310699,0.579999983310699,"Yes",NA,NA,NA,NA
NA,NA,2006-11-28 08:30:00,"Hallwood","Hallwood 1 RR","Continue trapping","Not recorded","Not recorded",NA,0.709999978542328,0.709999978542328,"Yes",NA,NA,NA,NA
NA,NA,2006-11-29 09:30:00,"Hallwood","Hallwood 1 RR","Continue trapping","Not recorded","Not recorded",NA,0.699999988079071,0.699999988079071,"Yes",NA,NA,NA,NA
NA,NA,2006-11-30 10:00:00,"Hallwood","Hallwood 1 RR","Continue trapping","Not recorded","Not recorded",NA,0.75,0.75,"Yes",NA,NA,NA,NA
NA,NA,2006-12-01 12:00:00,"Hallwood","Hallwood 1 RR","Continue trapping","Not recorded","Not recorded",NA,0.680000007152557,0.680000007152557,"Yes",NA,NA,NA,NA
NA,NA,2006-12-02 09:30:00,"Hallwood","Hallwood 1 RR","Continue trapping","Not recorded","Not recorded",NA,0.5,0.5,"Yes",NA,NA,NA,NA
NA,NA,2006-12-03 10:00:00,"Hallwood","Hallwood 1 RR","Continue trapping","Not recorded","Not recorded",NA,0.529999971389771,0.529999971389771,"Yes",NA,NA,NA,NA
NA,NA,2006-12-04 09:30:00,"Hallwood","Hallwood 1 RR","Continue trapping","Not recorded","Not recorded",NA,0.529999971389771,0.529999971389771,"Yes",NA,NA,NA,NA
NA,NA,2006-12-05 09:00:00,"Hallwood","Hallwood 1 RR","Continue trapping","Not recorded","Not recorded",NA,0.639999985694885,0.639999985694885,"Yes",NA,NA,NA,NA
NA,NA,2006-12-06 12:00:00,"Hallwood","Hallwood 1 RR","Continue trapping","Not recorded","Not recorded",NA,0.479999989271164,0.479999989271164,"Yes",NA,NA,NA,NA
NA,NA,2006-12-07 10:00:00,"Hallwood","Hallwood 1 RR","Continue trapping","Not recorded","Not recorded",NA,0.600000023841858,0.600000023841858,"Yes",NA,NA,NA,NA
NA,NA,2006-12-08 09:30:00,"Hallwood","Hallwood 1 RR","Continue trapping","Not recorded","Not recorded",NA,0.699999988079071,0.699999988079071,"Yes",NA,NA,NA,NA
NA,NA,2006-12-09 09:30:00,"Hallwood","Hallwood 1 RR","Continue trapping","Not recorded","Not recorded",NA,0.699999988079071,0.699999988079071,"Yes",NA,NA,NA,NA
NA,NA,2006-12-10 09:45:00,"Hallwood","Hallwood 1 RR","Continue trapping","Not recorded","Not recorded",NA,1,1.60000002384186,"Yes",NA,NA,NA,NA
NA,NA,2006-12-11 10:00:00,"Hallwood","Hallwood 1 RR","Continue trapping","Not recorded","Not recorded",NA,1,1,"Yes",NA,NA,NA,NA
NA,NA,2006-12-12 09:30:00,"Hallwood","Hallwood 1 RR","Continue trapping","Not recorded","Not recorded",NA,1.10000002384186,1.10000002384186,"Yes",NA,NA,NA,NA
NA,NA,2006-12-13 10:00:00,"Hallwood","Hallwood 1 RR","Continue trapping","Not recorded","Not recorded",NA,1.3400000333786,1.3400000333786,"Yes",NA,NA,NA,NA
NA,NA,2006-12-14 08:30:00,"Hallwood","Hallwood 1 RR","Continue trapping","Not recorded","Not recorded",NA,1.5,1.5,"Yes",NA,NA,NA,NA
NA,NA,2006-12-15 09:00:00,"Hallwood","Hallwood 1 RR","Continue trapping","Not recorded","Not recorded",NA,1.3400000333786,1.3400000333786,"Yes",NA,NA,NA,NA
NA,NA,2006-12-16 09:30:00,"Hallwood","Hallwood 1 RR","Continue trapping","Not recorded","Not recorded",NA,1.20000004768372,1.29999995231628,"Yes",NA,NA,NA,NA
NA,NA,2006-12-17 10:00:00,"Hallwood","Hallwood 1 RR","Continue trapping","Not recorded","Not recorded",NA,1.29999995231628,1.29999995231628,"Yes",NA,NA,NA,NA
NA,NA,2006-12-18 10:00:00,"Hallwood","Hallwood 1 RR","Continue trapping","Not recorded","Not recorded",NA,1.00999999046326,1.00999999046326,"Yes",NA,NA,NA,NA
NA,NA,2006-12-19 08:30:00,"Hallwood","Hallwood 1 RR","Continue trapping","Not recorded","Not recorded",NA,0.800000011920929,0.800000011920929,"Yes",NA,NA,NA,NA
NA,NA,2006-12-20 11:30:00,"Hallwood","Hallwood 1 RR","Continue trapping","Not recorded","Not recorded",NA,0.980000019073486,0.980000019073486,"Yes",NA,NA,NA,NA
NA,NA,2006-12-21 10:30:00,"Hallwood","Hallwood 1 RR","Continue trapping","Not recorded","Not recorded",NA,1.70000004768372,1.70000004768372,"Yes",NA,NA,NA,NA
NA,NA,2006-12-22 10:00:00,"Hallwood","Hallwood 1 RR","Continue trapping","Not recorded","Not recorded",NA,1.79999995231628,1.89999997615814,"Yes",NA,NA,NA,NA
NA,NA,2006-12-23 09:30:00,"Hallwood","Hallwood 1 RR","Continue trapping","Not recorded","Not recorded",NA,1.29999995231628,1.39999997615814,"Yes",NA,NA,NA,NA
NA,NA,2006-12-24 12:00:00,"Hallwood","Hallwood 1 RR","Continue trapping","Not recorded","Not recorded",NA,1.20000004768372,1.20000004768372,"Yes",NA,NA,NA,NA
NA,NA,2006-12-25 11:00:00,"Hallwood","Hallwood 1 RR","Continue trapping","Not recorded","Not recorded",NA,1.10000002384186,1.20000004768372,"Yes",NA,NA,NA,NA
NA,NA,2006-12-26 10:00:00,"Hallwood","Hallwood 1 RR","Continue trapping","Not recorded","Not recorded",NA,1,1.20000004768372,"Yes",NA,NA,NA,NA
NA,NA,2006-12-27 11:00:00,"Hallwood","Hallwood 1 RR","Continue trapping","Not recorded","Not recorded",NA,2,2.20000004768372,"Yes",NA,NA,NA,NA
NA,NA,2006-12-28 09:30:00,"Hallwood","Hallwood 1 RR","Continue trapping","Not recorded","Not recorded",NA,1.79999995231628,2,"Yes",NA,NA,NA,NA
NA,NA,2006-12-29 08:00:00,"Hallwood","Hallwood 1 RR","Continue trapping","Not recorded","Not recorded",NA,0,3,"Yes",NA,NA,NA,NA
NA,NA,2006-12-30 09:00:00,"Hallwood","Hallwood 1 RR","Continue trapping","Not recorded","Not recorded",NA,2.59999990463257,2.59999990463257,"Yes",NA,NA,NA,NA
NA,NA,2006-12-31 09:00:00,"Hallwood","Hallwood 1 RR","Continue trapping","Not recorded","Not recorded",NA,2.90000009536743,2.90000009536743,"Yes",NA,NA,NA,NA
NA,NA,2007-01-01 10:00:00,"Hallwood","Hallwood 1 RR","Continue trapping","Not recorded","Not recorded",NA,2.5,2.5,"Yes",NA,NA,NA,NA
NA,NA,2007-01-02 10:30:00,"Hallwood","Hallwood 1 RR","Continue trapping","Not recorded","Not recorded",NA,2.40000009536743,2.40000009536743,"Yes",NA,NA,NA,NA
NA,NA,2007-01-03 10:30:00,"Hallwood","Hallwood 1 RR","Continue trapping","Not recorded","Not recorded",NA,2.79999995231628,2.79999995231628,"Yes",NA,NA,NA,NA
NA,NA,2007-01-04 11:00:00,"Hallwood","Hallwood 1 RR","Continue trapping","Not recorded","Not recorded",NA,2.90000009536743,2.90000009536743,"Yes",NA,NA,NA,NA
NA,NA,2007-01-05 09:30:00,"Hallwood","Hallwood 1 RR","Continue trapping","Not recorded","Not recorded",NA,0,3.5,"Yes",NA,NA,NA,NA
NA,NA,2007-01-06 11:30:00,"Hallwood","Hallwood 1 RR","Continue trapping","Not recorded","Not recorded",NA,3.5,3.5,"Yes",NA,NA,NA,NA
NA,NA,2007-01-07 11:15:00,"Hallwood","Hallwood 1 RR","Continue trapping","Not recorded","Not recorded",NA,3.09999990463257,3.09999990463257,"Yes",NA,NA,NA,NA
NA,NA,2007-01-08 10:30:00,"Hallwood","Hallwood 1 RR","Continue trapping","Not recorded","Not recorded",NA,2.79999995231628,2.79999995231628,"Yes",NA,NA,NA,NA
NA,NA,2007-01-09 09:30:00,"Hallwood","Hallwood 1 RR","Continue trapping","Not recorded","Not recorded",NA,2.5,2.5,"Yes",NA,NA,NA,NA
NA,NA,2007-01-10 10:00:00,"Hallwood","Hallwood 1 RR","Continue trapping","Not recorded","Not recorded",NA,2.75,2.75,"Yes",NA,NA,NA,NA
NA,NA,2007-01-11 09:30:00,"Hallwood","Hallwood 1 RR","Continue trapping","Not recorded","Not recorded",NA,2.25,2.25,"Yes",NA,NA,NA,NA
NA,NA,2007-01-12 10:00:00,"Hallwood","Hallwood 1 RR","Continue trapping","Not recorded","Not recorded",NA,2.29999995231628,2.29999995231628,"Yes",NA,NA,NA,NA
NA,NA,2007-01-13 10:30:00,"Hallwood","Hallwood 1 RR","Continue trapping","Not recorded","Not recorded",NA,2.5,2.5,"Yes",NA,NA,NA,NA
NA,NA,2007-01-14 10:45:00,"Hallwood","Hallwood 1 RR","Continue trapping","Not recorded","Not recorded",NA,1.70000004768372,1.70000004768372,"Yes",NA,NA,NA,NA
NA,NA,2007-01-15 10:00:00,"Hallwood","Hallwood 1 RR","Continue trapping","Not recorded","Not recorded",NA,1.75,1.75,"Yes",NA,NA,NA,NA
NA,NA,2007-01-16 10:00:00,"Hallwood","Hallwood 1 RR","Continue trapping","Not recorded","Not recorded",NA,1.70000004768372,1.70000004768372,"Yes",NA,NA,NA,NA
NA,NA,2007-01-17 09:00:00,"Hallwood","Hallwood 1 RR","Continue trapping","Not recorded","Not recorded",NA,1.60000002384186,NA,"Yes",NA,NA,NA,NA
NA,NA,2007-01-18 09:00:00,"Hallwood","Hallwood 1 RR","Continue trapping","Not recorded","Not recorded",NA,2.5,2.5,"Yes",NA,NA,NA,NA
NA,NA,2007-01-19 08:00:00,"Hallwood","Hallwood 1 RR","Continue trapping","Not recorded","Not recorded",NA,2.5,2.5,"Yes",NA,NA,NA,NA
NA,NA,2007-01-20 11:30:00,"Hallwood","Hallwood 1 RR","Continue trapping","Not recorded","Not recorded",NA,2.5,2.5,"Yes",NA,NA,NA,NA
NA,NA,2007-01-21 09:30:00,"Hallwood","Hallwood 1 RR","Continue trapping","Not recorded","Not recorded",NA,2.40000009536743,2.40000009536743,"Yes",NA,NA,NA,NA
NA,NA,2007-01-22 09:30:00,"Hallwood","Hallwood 1 RR","Continue trapping","Not recorded","Not recorded",NA,2.59999990463257,2.59999990463257,"Yes",NA,NA,NA,NA
NA,NA,2007-01-23 08:00:00,"Hallwood","Hallwood 1 RR","Continue trapping","Not recorded","Not recorded",NA,2.20000004768372,2.20000004768372,"Yes",NA,NA,NA,NA
NA,NA,2007-01-24 09:30:00,"Hallwood","Hallwood 1 RR","Continue trapping","Not recorded","Not recorded",NA,2.20000004768372,2.20000004768372,"Yes",NA,NA,NA,NA
NA,NA,2007-01-25 09:30:00,"Hallwood","Hallwood 1 RR","Continue trapping","Not recorded","Not recorded",NA,2.70000004768372,NA,"Yes",NA,NA,NA,NA
NA,NA,2007-01-26 09:00:00,"Hallwood","Hallwood 1 RR","Continue trapping","Not recorded","Not recorded",NA,2.5,2.5,"Yes",NA,NA,NA,NA
NA,NA,2007-01-27 09:30:00,"Hallwood","Hallwood 1 RR","Continue trapping","Not recorded","Not recorded",NA,2.70000004768372,2.70000004768372,"Yes",NA,NA,NA,NA
NA,NA,2007-01-28 10:30:00,"Hallwood","Hallwood 1 RR","Continue trapping","Not recorded","Not recorded",NA,2.5,2.5,"Yes",NA,NA,NA,NA
NA,NA,2007-01-29 10:00:00,"Hallwood","Hallwood 1 RR","Continue trapping","Not recorded","Not recorded",NA,2.5,2.5,"Yes",NA,NA,NA,NA
NA,NA,2007-01-30 09:30:00,"Hallwood","Hallwood 1 RR","Continue trapping","Not recorded","Not recorded",NA,2,2,"Yes",NA,NA,NA,NA
NA,NA,2007-01-31 09:00:00,"Hallwood","Hallwood 1 RR","Continue trapping","Not recorded","Not recorded",NA,2.09999990463257,2.09999990463257,"Yes",NA,NA,NA,NA
NA,NA,2007-02-01 09:30:00,"Hallwood","Hallwood 1 RR","Continue trapping","Not recorded","Not recorded",NA,2,2,"Yes",NA,NA,NA,NA
NA,NA,2007-02-02 11:00:00,"Hallwood","Hallwood 1 RR","Continue trapping","Not recorded","Not recorded",NA,2,2,"Yes",NA,NA,NA,NA
NA,NA,2007-02-03 10:15:00,"Hallwood","Hallwood 1 RR","Continue trapping","Not recorded","Not recorded",NA,2,2,"Yes",NA,NA,NA,NA
NA,NA,2007-02-04 10:00:00,"Hallwood","Hallwood 1 RR","Continue trapping","Not recorded","Not recorded",NA,1.89999997615814,1.89999997615814,"Yes",NA,NA,NA,NA
NA,NA,2007-02-05 08:30:00,"Hallwood","Hallwood 1 RR","Continue trapping","Not recorded","Not recorded",NA,1.79999995231628,2,"Yes",NA,NA,NA,NA
NA,NA,2007-02-06 09:30:00,"Hallwood","Hallwood 1 RR","Continue trapping","Not recorded","Not recorded",NA,2,2,"Yes",NA,NA,NA,NA
NA,NA,2007-02-07 09:00:00,"Hallwood","Hallwood 1 RR","Continue trapping","Not recorded","Not recorded",NA,2,2,"Yes",NA,NA,NA,NA
NA,NA,2007-02-08 08:30:00,"Hallwood","Hallwood 1 RR","Continue trapping","Not recorded","Not recorded",NA,2,2,"Yes",NA,NA,NA,NA
NA,NA,2007-02-09 09:30:00,"Hallwood","Hallwood 1 RR","Continue trapping","Not recorded","Not recorded",NA,2.20000004768372,2.20000004768372,"Yes",NA,NA,NA,NA
NA,NA,2007-02-10 10:00:00,"Hallwood","Hallwood 1 RR","Continue trapping","Not recorded","Not recorded",NA,0,2.09999990463257,"Yes",NA,NA,NA,NA
NA,NA,2007-02-11 13:00:00,"Hallwood","Hallwood 1 RR","Continue trapping","Not recorded","Not recorded",NA,2.59999990463257,2.59999990463257,"Yes",NA,NA,NA,NA
NA,NA,2007-02-12 10:00:00,"Hallwood","Hallwood 1 RR","Continue trapping","Not recorded","Not recorded",NA,5,5,"Yes",NA,NA,NA,NA
NA,NA,2007-02-13 09:00:00,"Hallwood","Hallwood 1 RR","Continue trapping","Not recorded","Not recorded",NA,4.80000019073486,4.80000019073486,"Yes",NA,NA,NA,NA
NA,NA,2007-02-14 09:30:00,"Hallwood","Hallwood 1 RR","Continue trapping","Not recorded","Not recorded",NA,3.5,3.5,"Yes",NA,NA,NA,NA
NA,NA,2007-02-15 09:30:00,"Hallwood","Hallwood 1 RR","Continue trapping","Not recorded","Not recorded",NA,2.59999990463257,2.59999990463257,"Yes",NA,NA,NA,NA
NA,NA,2007-02-16 09:30:00,"Hallwood","Hallwood 1 RR","Continue trapping","Not recorded","Not recorded",NA,2.40000009536743,2.40000009536743,"Yes",NA,NA,NA,NA
NA,NA,2007-02-17 11:00:00,"Hallwood","Hallwood 1 RR","Continue trapping","Not recorded","Not recorded",NA,2.5,2.5,"Yes",NA,NA,NA,NA
NA,NA,2007-02-18 10:00:00,"Hallwood","Hallwood 1 RR","Continue trapping","Not recorded","Not recorded",NA,2.25,NA,"Yes",NA,NA,NA,NA
NA,NA,2007-02-19 09:30:00,"Hallwood","Hallwood 1 RR","Continue trapping","Not recorded","Not recorded",NA,2.20000004768372,2.20000004768372,"Yes",NA,NA,NA,NA
NA,NA,2007-02-20 09:30:00,"Hallwood","Hallwood 1 RR","Continue trapping","Not recorded","Not recorded",NA,2.20000004768372,2.20000004768372,"Yes",NA,NA,NA,NA
NA,NA,2007-02-21 09:00:00,"Hallwood","Hallwood 1 RR","Continue trapping","Not recorded","Not recorded",NA,2.29999995231628,2.29999995231628,"Yes",NA,NA,NA,NA
NA,NA,2007-02-22 11:00:00,"Hallwood","Hallwood 1 RR","Continue trapping","Not recorded","Not recorded",NA,3,3,"Yes",NA,NA,NA,NA
NA,NA,2007-02-23 09:30:00,"Hallwood","Hallwood 1 RR","Continue trapping","Not recorded","Not recorded",NA,2.5,2.5,"Yes",NA,NA,NA,NA
NA,NA,2007-02-24 11:00:00,"Hallwood","Hallwood 1 RR","Continue trapping","Not recorded","Not recorded",NA,3.25,3.25,"Yes",NA,NA,NA,NA
NA,NA,2007-02-25 11:00:00,"Hallwood","Hallwood 1 RR","Continue trapping","Not recorded","Not recorded",NA,3.25,3.25,"Yes",NA,NA,NA,NA
NA,NA,2007-02-26 10:30:00,"Hallwood","Hallwood 1 RR","Continue trapping","Not recorded","Not recorded",NA,4.30000019073486,4.30000019073486,"Yes",NA,NA,NA,NA
NA,NA,2007-02-27 09:00:00,"Hallwood","Hallwood 1 RR","Continue trapping","Not recorded","Not recorded",NA,4.59999990463257,4.59999990463257,"Yes",NA,NA,NA,NA
NA,NA,2007-02-28 09:30:00,"Hallwood","Hallwood 1 RR","Continue trapping","Not recorded","Not recorded",NA,4.30000019073486,4.30000019073486,"Yes",NA,NA,NA,NA
NA,NA,2007-03-01 12:00:00,"Hallwood","Hallwood 1 RR","Continue trapping","Not recorded","Not recorded",NA,4,4,"Yes",NA,NA,NA,NA
NA,NA,2007-03-02 09:00:00,"Hallwood","Hallwood 1 RR","Continue trapping","Not recorded","Not recorded",NA,3,3,"Yes",NA,NA,NA,NA
NA,NA,2007-03-03 10:45:00,"Hallwood","Hallwood 1 RR","Continue trapping","Not recorded","Not recorded",NA,2,2,"Yes",NA,NA,NA,NA
NA,NA,2007-03-04 10:30:00,"Hallwood","Hallwood 1 RR","Continue trapping","Not recorded","Not recorded",NA,2.20000004768372,2.20000004768372,"Yes",NA,NA,NA,NA
NA,NA,2007-03-05 10:00:00,"Hallwood","Hallwood 1 RR","Continue trapping","Not recorded","Not recorded",NA,2.70000004768372,2.70000004768372,"Yes",NA,NA,NA,NA
NA,NA,2007-03-06 09:00:00,"Hallwood","Hallwood 1 RR","Continue trapping","Not recorded","Not recorded",NA,2.59999990463257,2.59999990463257,"Yes",NA,NA,NA,NA
NA,NA,2007-03-07 09:30:00,"Hallwood","Hallwood 1 RR","Continue trapping","Not recorded","Not recorded",NA,2.29999995231628,2.29999995231628,"Yes",NA,NA,NA,NA
NA,NA,2007-03-08 09:30:00,"Hallwood","Hallwood 1 RR","Continue trapping","Not recorded","Not recorded",NA,2.29999995231628,2.29999995231628,"Yes",NA,NA,NA,NA
NA,NA,2007-03-09 09:00:00,"Hallwood","Hallwood 1 RR","Continue trapping","Not recorded","Not recorded",NA,2.29999995231628,2.29999995231628,"Yes",NA,NA,NA,NA
NA,NA,2007-03-10 11:00:00,"Hallwood","Hallwood 1 RR","Continue trapping","Not recorded","Not recorded",NA,1.5,1.5,"Yes",NA,NA,NA,NA
NA,NA,2007-03-11 10:15:00,"Hallwood","Hallwood 1 RR","Continue trapping","Not recorded","Not recorded",NA,2.5,2.5,"Yes",NA,NA,NA,NA
NA,NA,2007-03-12 09:30:00,"Hallwood","Hallwood 1 RR","Continue trapping","Not recorded","Not recorded",NA,1.79999995231628,1.79999995231628,"Yes",NA,NA,NA,NA
NA,NA,2007-03-13 11:30:00,"Hallwood","Hallwood 1 RR","Continue trapping","Not recorded","Not recorded",NA,2,2,"Yes",NA,NA,NA,NA
NA,NA,2007-03-14 10:30:00,"Hallwood","Hallwood 1 RR","Continue trapping","Not recorded","Not recorded",NA,2.5,2.5,"Yes",NA,NA,NA,NA
NA,NA,2007-03-15 09:30:00,"Hallwood","Hallwood 1 RR","Continue trapping","Not recorded","Not recorded",NA,1.60000002384186,1.60000002384186,"Yes",NA,NA,NA,NA
NA,NA,2007-03-16 09:30:00,"Hallwood","Hallwood 1 RR","Continue trapping","Not recorded","Not recorded",NA,1.5,1.5,"Yes",NA,NA,NA,NA
NA,NA,2007-03-17 11:00:00,"Hallwood","Hallwood 1 RR","Continue trapping","Not recorded","Not recorded",NA,2,2,"Yes",NA,NA,NA,NA
NA,NA,2007-03-18 12:15:00,"Hallwood","Hallwood 1 RR","Continue trapping","Not recorded","Not recorded",NA,1.5,1.5,"Yes",NA,NA,NA,NA
NA,NA,2007-03-19 09:30:00,"Hallwood","Hallwood 1 RR","Continue trapping","Not recorded","Not recorded",NA,1.60000002384186,1.60000002384186,"Yes",NA,NA,NA,NA
NA,NA,2007-03-20 10:00:00,"Hallwood","Hallwood 1 RR","Continue trapping","Not recorded","Not recorded",NA,1.70000004768372,1.70000004768372,"Yes",NA,NA,NA,NA
NA,NA,2007-03-21 10:00:00,"Hallwood","Hallwood 1 RR","Continue trapping","Not recorded","Not recorded",NA,1.60000002384186,1.60000002384186,"Yes",NA,NA,NA,NA
NA,NA,2007-03-22 09:30:00,"Hallwood","Hallwood 1 RR","Continue trapping","Not recorded","Not recorded",NA,1.60000002384186,1.60000002384186,"Yes",NA,NA,NA,NA
NA,NA,2007-03-23 08:30:00,"Hallwood","Hallwood 1 RR","Continue trapping","Not recorded","Not recorded",NA,2.5,2.5,"Yes",NA,NA,NA,NA
NA,NA,2007-03-24 08:00:00,"Hallwood","Hallwood 1 RR","Continue trapping","Not recorded","Not recorded",NA,1.10000002384186,2.20000004768372,"Yes",NA,NA,NA,NA
NA,NA,2007-03-25 10:30:00,"Hallwood","Hallwood 1 RR","Continue trapping","Not recorded","Not recorded",NA,2,2,"Yes",NA,NA,NA,NA
NA,NA,2007-03-26 09:30:00,"Hallwood","Hallwood 1 RR","Continue trapping","Not recorded","Not recorded",NA,1.39999997615814,1.39999997615814,"Yes",NA,NA,NA,NA
NA,NA,2007-03-27 10:00:00,"Hallwood","Hallwood 1 RR","Continue trapping","Not recorded","Not recorded",NA,1.5,1.5,"Yes",NA,NA,NA,NA
NA,NA,2007-03-28 09:30:00,"Hallwood","Hallwood 1 RR","Continue trapping","Not recorded","Not recorded",NA,2,2,"Yes",NA,NA,NA,NA
NA,NA,2007-03-29 09:30:00,"Hallwood","Hallwood 1 RR","Continue trapping","Not recorded","Not recorded",NA,1.70000004768372,1.70000004768372,"Yes",NA,NA,NA,NA
NA,NA,2007-03-30 09:00:00,"Hallwood","Hallwood 1 RR","Continue trapping","Not recorded","Not recorded",NA,2,2,"Yes",NA,NA,NA,NA
NA,NA,2007-03-31 10:00:00,"Hallwood","Hallwood 1 RR","Continue trapping","Not recorded","Not recorded",NA,1.89999997615814,1.89999997615814,"Yes",NA,NA,NA,NA
NA,NA,2007-04-01 10:00:00,"Hallwood","Hallwood 1 RR","Continue trapping","Not recorded","Not recorded",NA,1,1,"Yes",NA,NA,NA,NA
NA,NA,2007-04-02 13:00:00,"Hallwood","Hallwood 1 RR","Continue trapping","Not recorded","Not recorded",NA,2.09999990463257,2.09999990463257,"Yes",NA,NA,NA,NA
NA,NA,2007-04-03 09:30:00,"Hallwood","Hallwood 1 RR","Continue trapping","Not recorded","Not recorded",NA,1.20000004768372,1.20000004768372,"Yes",NA,NA,NA,NA
NA,NA,2007-04-04 09:30:00,"Hallwood","Hallwood 1 RR","Continue trapping","Not recorded","Not recorded",NA,0,1.89999997615814,"Yes",NA,NA,NA,NA
NA,NA,2007-04-05 09:30:00,"Hallwood","Hallwood 1 RR","Continue trapping","Not recorded","Not recorded",NA,0.800000011920929,0.800000011920929,"Yes",NA,NA,NA,NA
NA,NA,2007-04-06 09:00:00,"Hallwood","Hallwood 1 RR","Continue trapping","Not recorded","Not recorded",NA,0.800000011920929,0.800000011920929,"Yes",NA,NA,NA,NA
NA,NA,2007-04-07 08:00:00,"Hallwood","Hallwood 1 RR","Continue trapping","Not recorded","Not recorded",NA,0.200000002980232,0.200000002980232,"Yes",NA,NA,NA,NA
NA,NA,2007-04-08 11:00:00,"Hallwood","Hallwood 1 RR","Continue trapping","Not recorded","Not recorded",NA,0,0,"Yes",NA,NA,NA,NA
NA,NA,2007-04-09 09:00:00,"Hallwood","Hallwood 1 RR","Continue trapping","Not recorded","Not recorded",NA,0.100000001490116,0.100000001490116,"Yes",NA,NA,NA,NA
NA,NA,2007-04-10 10:00:00,"Hallwood","Hallwood 1 RR","Continue trapping","Not recorded","Not recorded",NA,0.100000001490116,0.100000001490116,"Yes",NA,NA,NA,NA
NA,NA,2007-04-11 10:00:00,"Hallwood","Hallwood 1 RR","Continue trapping","Not recorded","Not recorded",NA,0.899999976158142,0.899999976158142,"Yes",NA,NA,NA,NA
NA,NA,2007-04-12 09:00:00,"Hallwood","Hallwood 1 RR","Continue trapping","Not recorded","Not recorded",NA,4.80000019073486,4.80000019073486,"Yes",NA,NA,NA,NA
NA,NA,2007-04-13 08:00:00,"Hallwood","Hallwood 1 RR","Continue trapping","Not recorded","Not recorded",NA,1,1,"Yes",NA,NA,NA,NA
NA,NA,2007-04-14 09:15:00,"Hallwood","Hallwood 1 RR","Continue trapping","Not recorded","Not recorded",NA,1.10000002384186,1.10000002384186,"Yes",NA,NA,NA,NA
NA,NA,2007-04-15 12:15:00,"Hallwood","Hallwood 1 RR","Continue trapping","Not recorded","Not recorded",NA,1.10000002384186,1.10000002384186,"Yes",NA,NA,NA,NA
NA,NA,2007-04-16 08:30:00,"Hallwood","Hallwood 1 RR","Continue trapping","Not recorded","Not recorded",NA,0.699999988079071,0.800000011920929,"Yes",NA,NA,NA,NA
NA,NA,2007-04-17 09:30:00,"Hallwood","Hallwood 1 RR","Continue trapping","Not recorded","Not recorded",NA,1,1.20000004768372,"Yes",NA,NA,NA,NA
NA,NA,2007-04-18 10:00:00,"Hallwood","Hallwood 1 RR","Continue trapping","Not recorded","Not recorded",NA,1.10000002384186,1.20000004768372,"Yes",NA,NA,NA,NA
NA,NA,2007-04-19 09:00:00,"Hallwood","Hallwood 1 RR","Continue trapping","Not recorded","Not recorded",NA,1.20000004768372,1.29999995231628,"Yes",NA,NA,NA,NA
NA,NA,2007-04-20 08:30:00,"Hallwood","Hallwood 1 RR","Continue trapping","Not recorded","Not recorded",NA,1.29999995231628,1.29999995231628,"Yes",NA,NA,NA,NA
NA,NA,2007-04-21 09:30:00,"Hallwood","Hallwood 1 RR","Continue trapping","Not recorded","Not recorded",NA,1,1.29999995231628,"Yes",NA,NA,NA,NA
NA,NA,2007-04-22 13:00:00,"Hallwood","Hallwood 1 RR","Continue trapping","Not recorded","Not recorded",NA,2.20000004768372,2.40000009536743,"Yes",NA,NA,NA,NA
NA,NA,2007-04-23 10:00:00,"Hallwood","Hallwood 1 RR","Continue trapping","Not recorded","Not recorded",NA,2,2,"Yes",NA,NA,NA,NA
NA,NA,2007-04-24 09:15:00,"Hallwood","Hallwood 1 RR","Continue trapping","Not recorded","Not recorded",NA,2,2.20000004768372,"Yes",NA,NA,NA,NA
NA,NA,2007-04-25 09:00:00,"Hallwood","Hallwood 1 RR","Continue trapping","Not recorded","Not recorded",NA,1.20000004768372,1.20000004768372,"Yes",NA,NA,NA,NA
NA,NA,2007-04-26 08:00:00,"Hallwood","Hallwood 1 RR","Continue trapping","Not recorded","Not recorded",NA,1.39999997615814,1.5,"Yes",NA,NA,NA,NA
NA,NA,2007-04-27 09:45:00,"Hallwood","Hallwood 1 RR","Continue trapping","Not recorded","Not recorded",NA,1.39999997615814,1.39999997615814,"Yes",NA,NA,NA,NA
NA,NA,2007-04-28 10:30:00,"Hallwood","Hallwood 1 RR","Continue trapping","Not recorded","Not recorded",NA,1.89999997615814,1.89999997615814,"Yes",NA,NA,NA,NA
NA,NA,2007-04-29 10:30:00,"Hallwood","Hallwood 1 RR","Continue trapping","Not recorded","Not recorded",NA,1.20000004768372,1.20000004768372,"Yes",NA,NA,NA,NA
NA,NA,2007-04-30 09:00:00,"Hallwood","Hallwood 1 RR","Continue trapping","Not recorded","Not recorded",NA,1.29999995231628,1.29999995231628,"Yes",NA,NA,NA,NA
NA,NA,2007-05-01 09:30:00,"Hallwood","Hallwood 1 RR","Continue trapping","Not recorded","Not recorded",NA,2.09999990463257,2.09999990463257,"Yes",NA,NA,NA,NA
NA,NA,2007-05-02 09:00:00,"Hallwood","Hallwood 1 RR","Continue trapping","Not recorded","Not recorded",NA,1.79999995231628,1.79999995231628,"Yes",NA,NA,NA,NA
NA,NA,2007-05-03 09:00:00,"Hallwood","Hallwood 1 RR","Continue trapping","Not recorded","Not recorded",NA,1.5,1.60000002384186,"Yes",NA,NA,NA,NA
NA,NA,2007-05-04 09:00:00,"Hallwood","Hallwood 1 RR","Continue trapping","Not recorded","Not recorded",NA,1.70000004768372,1.70000004768372,"Yes",NA,NA,NA,NA
NA,NA,2007-05-05 11:00:00,"Hallwood","Hallwood 1 RR","Continue trapping","Not recorded","Not recorded",NA,1.79999995231628,1.79999995231628,"Yes",NA,NA,NA,NA
NA,NA,2007-05-06 09:00:00,"Hallwood","Hallwood 1 RR","Continue trapping","Not recorded","Not recorded",NA,1.60000002384186,1.60000002384186,"Yes",NA,NA,NA,NA
NA,NA,2007-05-07 09:00:00,"Hallwood","Hallwood 1 RR","Continue trapping","Not recorded","Not recorded",NA,1.79999995231628,1.79999995231628,"Yes",NA,NA,NA,NA
NA,NA,2007-05-08 09:00:00,"Hallwood","Hallwood 1 RR","Continue trapping","Not recorded","Not recorded",NA,1.79999995231628,2,"Yes",NA,NA,NA,NA
NA,NA,2007-05-09 08:00:00,"Hallwood","Hallwood 1 RR","Continue trapping","Not recorded","Not recorded",NA,2,2,"Yes",NA,NA,NA,NA
NA,NA,2007-05-10 08:30:00,"Hallwood","Hallwood 1 RR","Continue trapping","Not recorded","Not recorded",NA,1.89999997615814,1.89999997615814,"Yes",NA,NA,NA,NA
NA,NA,2007-05-11 08:30:00,"Hallwood","Hallwood 1 RR","Continue trapping","Not recorded","Not recorded",NA,1.5,1.60000002384186,"Yes",NA,NA,NA,NA
NA,NA,2007-05-12 08:15:00,"Hallwood","Hallwood 1 RR","Continue trapping","Not recorded","Not recorded",NA,2.25,2.25,"Yes",NA,NA,NA,NA
NA,NA,2007-05-13 08:00:00,"Hallwood","Hallwood 1 RR","Continue trapping","Not recorded","Not recorded",NA,0,1.79999995231628,"Yes",NA,NA,NA,NA
NA,NA,2007-05-14 09:00:00,"Hallwood","Hallwood 1 RR","Continue trapping","Not recorded","Not recorded",NA,2.70000004768372,2.70000004768372,"Yes",NA,NA,NA,NA
NA,NA,2007-05-15 09:00:00,"Hallwood","Hallwood 1 RR","Continue trapping","Not recorded","Not recorded",NA,1.79999995231628,1.79999995231628,"Yes",NA,NA,NA,NA
NA,NA,2007-05-16 09:00:00,"Hallwood","Hallwood 1 RR","Continue trapping","Not recorded","Not recorded",NA,1.79999995231628,1.79999995231628,"Yes",NA,NA,NA,NA
NA,NA,2007-05-17 12:00:00,"Hallwood","Hallwood 1 RR","Continue trapping","Not recorded","Not recorded",NA,1.79999995231628,1.79999995231628,"Yes",NA,NA,NA,NA
NA,NA,2007-05-18 12:00:00,"Hallwood","Hallwood 1 RR","Continue trapping","Not recorded","Not recorded",NA,1.79999995231628,1.79999995231628,"Yes",NA,NA,NA,NA
NA,NA,2007-05-19 11:00:00,"Hallwood","Hallwood 1 RR","Continue trapping","Not recorded","Not recorded",NA,2,2,"Yes",NA,NA,NA,NA
NA,NA,2007-05-20 11:00:00,"Hallwood","Hallwood 1 RR","Continue trapping","Not recorded","Not recorded",NA,1.5,1.5,"Yes",NA,NA,NA,NA
NA,NA,2007-05-21 09:00:00,"Hallwood","Hallwood 1 RR","Continue trapping","Not recorded","Not recorded",NA,1.70000004768372,1.70000004768372,"Yes",NA,NA,NA,NA
NA,NA,2007-05-22 09:00:00,"Hallwood","Hallwood 1 RR","Continue trapping","Not recorded","Not recorded",NA,1.70000004768372,1.79999995231628,"Yes",NA,NA,NA,NA
NA,NA,2007-05-23 09:00:00,"Hallwood","Hallwood 1 RR","Continue trapping","Not recorded","Not recorded",NA,2.09999990463257,2.09999990463257,"Yes",NA,NA,NA,NA
NA,NA,2007-05-24 09:00:00,"Hallwood","Hallwood 1 RR","Continue trapping","Not recorded","Not recorded",NA,1.5,1.5,"Yes",NA,NA,NA,NA
NA,NA,2007-05-25 07:30:00,"Hallwood","Hallwood 1 RR","Continue trapping","Not recorded","Not recorded",NA,1.79999995231628,1.79999995231628,"Yes",NA,NA,NA,NA
NA,NA,2007-05-26 08:30:00,"Hallwood","Hallwood 1 RR","Continue trapping","Not recorded","Not recorded",NA,1.60000002384186,1.60000002384186,"Yes",NA,NA,NA,NA
NA,NA,2007-05-27 09:00:00,"Hallwood","Hallwood 1 RR","Continue trapping","Not recorded","Not recorded",NA,1.39999997615814,1877,"Yes",NA,NA,NA,NA
NA,NA,2007-05-28 09:00:00,"Hallwood","Hallwood 1 RR","Continue trapping","Not recorded","Not recorded",NA,1.79999995231628,1.89999997615814,"Yes",NA,NA,NA,NA
NA,NA,2007-05-29 08:00:00,"Hallwood","Hallwood 1 RR","Continue trapping","Not recorded","Not recorded",NA,1.29999995231628,1.39999997615814,"Yes",NA,NA,NA,NA
NA,NA,2007-05-30 08:30:00,"Hallwood","Hallwood 1 RR","Continue trapping","Not recorded","Not recorded",NA,1.5,1.60000002384186,"Yes",NA,NA,NA,NA
NA,NA,2007-05-31 08:00:00,"Hallwood","Hallwood 1 RR","Continue trapping","Not recorded","Not recorded",NA,1.5,1.5,"Yes",NA,NA,NA,NA
NA,NA,2007-06-01 07:30:00,"Hallwood","Hallwood 1 RR","Continue trapping","Not recorded","Not recorded",NA,1.70000004768372,1.89999997615814,"Yes",NA,NA,NA,NA
NA,NA,2007-06-02 10:15:00,"Hallwood","Hallwood 1 RR","Continue trapping","Not recorded","Not recorded",NA,1,1,"Yes",NA,NA,NA,NA
NA,NA,2007-06-03 11:45:00,"Hallwood","Hallwood 1 RR","Continue trapping","Not recorded","Not recorded",NA,1,1,"Yes",NA,NA,NA,NA
NA,NA,2007-06-04 09:00:00,"Hallwood","Hallwood 1 RR","Continue trapping","Not recorded","Not recorded",NA,1,1.20000004768372,"Yes",NA,NA,NA,NA
NA,NA,2007-06-05 09:00:00,"Hallwood","Hallwood 1 RR","Continue trapping","Not recorded","Not recorded",NA,1.20000004768372,1.20000004768372,"Yes",NA,NA,NA,NA
NA,NA,2007-06-06 08:30:00,"Hallwood","Hallwood 1 RR","Continue trapping","Not recorded","Not recorded",NA,1,1.10000002384186,"Yes",NA,NA,NA,NA
NA,NA,2007-06-07 08:00:00,"Hallwood","Hallwood 1 RR","Continue trapping","Not recorded","Not recorded",NA,1.10000002384186,1.20000004768372,"Yes",NA,NA,NA,NA
NA,NA,2007-06-08 07:30:00,"Hallwood","Hallwood 1 RR","Continue trapping","Not recorded","Not recorded",NA,1,1.10000002384186,"Yes",NA,NA,NA,NA
NA,NA,2007-06-09 10:30:00,"Hallwood","Hallwood 1 RR","Continue trapping","Not recorded","Not recorded",NA,1,1.20000004768372,"Yes",NA,NA,NA,NA
NA,NA,2007-06-10 10:30:00,"Hallwood","Hallwood 1 RR","Continue trapping","Not recorded","Not recorded",NA,0.800000011920929,0.800000011920929,"Yes",NA,NA,NA,NA
NA,NA,2007-06-11 09:30:00,"Hallwood","Hallwood 1 RR","Continue trapping","Not recorded","Not recorded",NA,0.899999976158142,1,"Yes",NA,NA,NA,NA
NA,NA,2007-06-12 07:45:00,"Hallwood","Hallwood 1 RR","Continue trapping","Not recorded","Not recorded",NA,1,1.25,"Yes",NA,NA,NA,NA
NA,NA,2007-06-13 08:30:00,"Hallwood","Hallwood 1 RR","Continue trapping","Not recorded","Not recorded",NA,1.70000004768372,1.79999995231628,"Yes",NA,NA,NA,NA
NA,NA,2007-06-14 08:00:00,"Hallwood","Hallwood 1 RR","Continue trapping","Not recorded","Not recorded",NA,1.10000002384186,1.20000004768372,"Yes",NA,NA,NA,NA
NA,NA,2007-06-15 08:00:00,"Hallwood","Hallwood 1 RR","Continue trapping","Not recorded","Not recorded",NA,1.10000002384186,1.20000004768372,"Yes",NA,NA,NA,NA
NA,NA,2007-06-16 08:45:00,"Hallwood","Hallwood 1 RR","Continue trapping","Not recorded","Not recorded",NA,1.29999995231628,1.29999995231628,"Yes",NA,NA,NA,NA
NA,NA,2007-06-17 11:00:00,"Hallwood","Hallwood 1 RR","Continue trapping","Not recorded","Not recorded",NA,0.600000023841858,0.800000011920929,"Yes",NA,NA,NA,NA
NA,NA,2007-06-18 08:00:00,"Hallwood","Hallwood 1 RR","Continue trapping","Not recorded","Not recorded",NA,0.899999976158142,0.899999976158142,"Yes",NA,NA,NA,NA
NA,NA,2007-06-19 08:00:00,"Hallwood","Hallwood 1 RR","Continue trapping","Not recorded","Not recorded",NA,0,1,"Yes",NA,NA,NA,NA
NA,NA,2007-06-20 08:30:00,"Hallwood","Hallwood 1 RR","Continue trapping","Not recorded","Not recorded",NA,1,1,"Yes",NA,NA,NA,NA
NA,NA,2007-06-21 09:20:00,"Hallwood","Hallwood 1 RR","Continue trapping","Not recorded","Not recorded",NA,0.699999988079071,1.20000004768372,"Yes",NA,NA,NA,NA
NA,NA,2007-06-22 10:00:00,"Hallwood","Hallwood 1 RR","Continue trapping","Not recorded","Not recorded",NA,0.899999976158142,1,"Yes",NA,NA,NA,NA
NA,NA,2007-06-23 09:07:00,"Hallwood","Hallwood 1 RR","Continue trapping","Not recorded","Not recorded",NA,1,1.20000004768372,"Yes",NA,NA,NA,NA
NA,NA,2007-06-24 09:30:00,"Hallwood","Hallwood 1 RR","Continue trapping","Not recorded","Not recorded",NA,0.899999976158142,1,"Yes",NA,NA,NA,NA
NA,NA,2007-06-25 08:30:00,"Hallwood","Hallwood 1 RR","Continue trapping","Not recorded","Not recorded",NA,0.800000011920929,0.800000011920929,"Yes",NA,NA,NA,NA
NA,NA,2007-06-26 07:45:00,"Hallwood","Hallwood 1 RR","Continue trapping","Not recorded","Not recorded",NA,0.899999976158142,0.100000001490116,"Yes",NA,NA,NA,NA
NA,NA,2007-06-27 08:30:00,"Hallwood","Hallwood 1 RR","Continue trapping","Not recorded","Not recorded",NA,1,1,"Yes",NA,NA,NA,NA
NA,NA,2007-06-28 07:30:00,"Hallwood","Hallwood 1 RR","Continue trapping","Not recorded","Not recorded",NA,0.5,1,"Yes",NA,NA,NA,NA
NA,NA,2007-06-29 09:00:00,"Hallwood","Hallwood 1 RR","Continue trapping","Not recorded","Not recorded",NA,0.5,0.800000011920929,"Yes",NA,NA,NA,NA
NA,NA,2007-06-30 10:00:00,"Hallwood","Hallwood 1 RR","Continue trapping","Not recorded","Not recorded",NA,0.400000005960464,0.800000011920929,"Yes",NA,NA,NA,NA
NA,NA,2007-07-01 11:30:00,"Hallwood","Hallwood 1 RR","Continue trapping","Not recorded","Not recorded",NA,0.699999988079071,1,"Yes",NA,NA,NA,NA
NA,NA,2007-07-02 07:00:00,"Hallwood","Hallwood 1 RR","Continue trapping","Not recorded","Not recorded",NA,0.699999988079071,1,"Yes",NA,NA,NA,NA
NA,NA,2007-07-03 07:41:00,"Hallwood","Hallwood 1 RR","Continue trapping","Not recorded","Not recorded",NA,0.400000005960464,1.29999995231628,"Yes",NA,NA,NA,NA
NA,NA,2007-07-04 09:41:00,"Hallwood","Hallwood 1 RR","Continue trapping","Not recorded","Not recorded",NA,0.600000023841858,1.60000002384186,"Yes",NA,NA,NA,NA
NA,NA,2007-07-05 07:23:00,"Hallwood","Hallwood 1 RR","Continue trapping","Not recorded","Not recorded",NA,0.5,1.5,"Yes",NA,NA,NA,NA
NA,NA,2007-07-07 11:01:00,"Hallwood","Hallwood 1 RR","Continue trapping","Not recorded","Not recorded",NA,0.699999988079071,1.20000004768372,"Yes",NA,NA,NA,NA
NA,NA,2007-07-08 11:04:00,"Hallwood","Hallwood 1 RR","Continue trapping","Not recorded","Not recorded",NA,0.800000011920929,1.5,"Yes",NA,NA,NA,NA
NA,NA,2007-07-11 07:30:00,"Hallwood","Hallwood 1 RR","Continue trapping","Not recorded","Not recorded",NA,0.600000023841858,1.39999997615814,"Yes",NA,NA,NA,NA
NA,NA,2007-07-12 08:42:00,"Hallwood","Hallwood 1 RR","Continue trapping","Not recorded","Not recorded",NA,0.699999988079071,1.5,"Yes",NA,NA,NA,NA
NA,NA,2007-07-14 09:12:00,"Hallwood","Hallwood 1 RR","Continue trapping","Not recorded","Not recorded",NA,0.600000023841858,1.60000002384186,"Yes",NA,NA,NA,NA
NA,NA,2007-07-15 09:28:00,"Hallwood","Hallwood 1 RR","Continue trapping","Not recorded","Not recorded",NA,0.800000011920929,1.39999997615814,"Yes",NA,NA,NA,NA
NA,NA,2007-07-17 07:25:00,"Hallwood","Hallwood 1 RR","Continue trapping","Not recorded","Not recorded",NA,0.699999988079071,1.5,"Yes",NA,NA,NA,NA
NA,NA,2007-07-18 08:09:00,"Hallwood","Hallwood 1 RR","Continue trapping","Not recorded","Not recorded",NA,0.600000023841858,1.60000002384186,"Yes",NA,NA,NA,NA
NA,NA,2007-07-19 07:26:00,"Hallwood","Hallwood 1 RR","Continue trapping","Not recorded","Not recorded",NA,1.20000004768372,2.09999990463257,"Yes",NA,NA,NA,NA
NA,NA,2007-07-20 07:42:00,"Hallwood","Hallwood 1 RR","Continue trapping","Not recorded","Not recorded",NA,0.800000011920929,2,"Yes",NA,NA,NA,NA
NA,NA,2007-07-21 11:50:00,"Hallwood","Hallwood 1 RR","Continue trapping","Not recorded","Not recorded",NA,0.899999976158142,1.70000004768372,"Yes",NA,NA,NA,NA
NA,NA,2007-07-23 09:00:00,"Hallwood","Hallwood 1 RR","Continue trapping","Not recorded","Not recorded",NA,0.899999976158142,1.79999995231628,"Yes",NA,NA,NA,NA
NA,NA,2007-07-24 07:42:00,"Hallwood","Hallwood 1 RR","Continue trapping","Not recorded","Not recorded",NA,0.5,1.89999997615814,"Yes",NA,NA,NA,NA
NA,NA,2007-07-31 08:03:00,"Hallwood","Hallwood 1 RR","Continue trapping","Not recorded","Not recorded",NA,0.600000023841858,1.39999997615814,"Yes",NA,NA,NA,NA
NA,NA,2007-09-04 07:30:00,"Hallwood","Hallwood 1 RR","Continue trapping","Not recorded","Not recorded",NA,0.899999976158142,1.39999997615814,"Yes",NA,NA,NA,NA
NA,NA,2007-09-06 07:36:00,"Hallwood","Hallwood 1 RR","Continue trapping","Not recorded","Not recorded",NA,0.800000011920929,1.5,"Yes",NA,NA,NA,NA
NA,NA,2007-09-10 08:25:00,"Hallwood","Hallwood 1 RR","Continue trapping","Not recorded","Not recorded",NA,0.800000011920929,1.5,"Yes",NA,NA,NA,NA
NA,NA,2007-09-16 08:41:00,"Hallwood","Hallwood 1 RR","Continue trapping","Not recorded","Not recorded",NA,0.899999976158142,1.39999997615814,"Yes",NA,NA,NA,NA
NA,NA,2007-10-08 08:33:00,"Hallwood","Hallwood 1 RR","Continue trapping","Not recorded","Not recorded",NA,0.800000011920929,1.60000002384186,"Yes",NA,NA,NA,NA
NA,NA,2007-10-23 08:28:00,"Hallwood","Hallwood 1 RR","Continue trapping","Not recorded","Not recorded",NA,1,1.89999997615814,"Yes",NA,NA,NA,NA
NA,NA,2007-11-05 08:37:00,"Hallwood","Hallwood 1 RR","Continue trapping","Not recorded","Not recorded",NA,0.899999976158142,1.29999995231628,"Yes",NA,NA,NA,NA
NA,NA,2007-11-08 08:50:00,"Hallwood","Hallwood 1 RR","Continue trapping","Not recorded","Not recorded",NA,0.899999976158142,1.60000002384186,"Yes",NA,NA,NA,NA
NA,NA,2007-11-20 08:59:00,"Hallwood","Hallwood 1 RR","Continue trapping","Not recorded","Not recorded",NA,0.899999976158142,1.39999997615814,"Yes",NA,NA,NA,NA
NA,NA,2007-11-29 09:05:00,"Hallwood","Hallwood 1 RR","Continue trapping","Not recorded","Not recorded",NA,0.699999988079071,1.5,"Yes",NA,NA,NA,NA
NA,NA,2007-11-30 08:44:00,"Hallwood","Hallwood 1 RR","Continue trapping","Not recorded","Not recorded",NA,0.699999988079071,1.29999995231628,"Yes",NA,NA,NA,NA
NA,NA,2007-12-01 09:53:00,"Hallwood","Hallwood 1 RR","Continue trapping","Not recorded","Not recorded",NA,0.699999988079071,1.10000002384186,"Yes",NA,NA,NA,NA
NA,NA,2007-12-02 11:30:00,"Hallwood","Hallwood 1 RR","Continue trapping","Not recorded","Not recorded",NA,0.899999976158142,1.60000002384186,"Yes",NA,NA,NA,NA
NA,NA,2007-12-04 09:28:00,"Hallwood","Hallwood 1 RR","Continue trapping","Not recorded","Not recorded",NA,1.10000002384186,1.39999997615814,"Yes",NA,NA,NA,NA
NA,NA,2007-12-05 09:27:00,"Hallwood","Hallwood 1 RR","Continue trapping","Not recorded","Not recorded",NA,1,1.5,"Yes",NA,NA,NA,NA
NA,NA,2007-12-06 07:39:00,"Hallwood","Hallwood 1 RR","Continue trapping","Not recorded","Not recorded",NA,1,1.39999997615814,"Yes",NA,NA,NA,NA
NA,NA,2007-12-07 09:03:00,"Hallwood","Hallwood 1 RR","Continue trapping","Not recorded","Not recorded",NA,1,1.89999997615814,"Yes",NA,NA,NA,NA
NA,NA,2007-12-08 09:10:00,"Hallwood","Hallwood 1 RR","Continue trapping","Not recorded","Not recorded",NA,NA,1.5,"Yes",NA,NA,NA,NA
NA,NA,2007-12-09 09:05:00,"Hallwood","Hallwood 1 RR","Continue trapping","Not recorded","Not recorded",NA,1.10000002384186,1.29999995231628,"Yes",NA,NA,NA,NA
NA,NA,2007-12-10 09:24:00,"Hallwood","Hallwood 1 RR","Continue trapping","Not recorded","Not recorded",NA,0.899999976158142,1.60000002384186,"Yes",NA,NA,NA,NA
NA,NA,2007-12-11 07:52:00,"Hallwood","Hallwood 1 RR","Continue trapping","Not recorded","Not recorded",NA,1.20000004768372,1.39999997615814,"Yes",NA,NA,NA,NA
NA,NA,2007-12-12 07:50:00,"Hallwood","Hallwood 1 RR","Continue trapping","Not recorded","Not recorded",NA,1.20000004768372,1.39999997615814,"Yes",NA,NA,NA,NA
NA,NA,2007-12-13 08:06:00,"Hallwood","Hallwood 1 RR","Continue trapping","Not recorded","Not recorded",NA,1.10000002384186,1.39999997615814,"Yes",NA,NA,NA,NA
NA,NA,2007-12-14 07:39:00,"Hallwood","Hallwood 1 RR","Continue trapping","Not recorded","Not recorded",NA,1.10000002384186,1.60000002384186,"Yes",NA,NA,NA,NA
NA,NA,2007-12-15 09:03:00,"Hallwood","Hallwood 1 RR","Continue trapping","Not recorded","Not recorded",NA,0.800000011920929,1.10000002384186,"Yes",NA,NA,NA,NA
NA,NA,2007-12-16 08:59:00,"Hallwood","Hallwood 1 RR","Continue trapping","Not recorded","Not recorded",NA,0.699999988079071,1,"Yes",NA,NA,NA,NA
NA,NA,2007-12-17 09:17:00,"Hallwood","Hallwood 1 RR","Continue trapping","Not recorded","Not recorded",NA,0.800000011920929,1.29999995231628,"Yes",NA,NA,NA,NA
NA,NA,2007-12-18 09:00:00,"Hallwood","Hallwood 1 RR","Continue trapping","Not recorded","Not recorded",NA,1,1.70000004768372,"Yes",NA,NA,NA,NA
NA,NA,2007-12-19 09:05:00,"Hallwood","Hallwood 1 RR","Continue trapping","Not recorded","Not recorded",NA,0.400000005960464,2,"Yes",NA,NA,NA,NA
NA,NA,2007-12-20 08:35:00,"Hallwood","Hallwood 1 RR","Continue trapping","Not recorded","Not recorded",NA,2.09999990463257,3.59999990463257,"Yes",NA,NA,NA,NA
NA,NA,2007-12-21 09:30:00,"Hallwood","Hallwood 1 RR","Continue trapping","Not recorded","Not recorded",NA,3.20000004768372,3.59999990463257,"Yes",NA,NA,NA,NA
NA,NA,2007-12-22 08:40:00,"Hallwood","Hallwood 1 RR","Continue trapping","Not recorded","Not recorded",NA,3.5,3.59999990463257,"Yes",NA,NA,NA,NA
NA,NA,2007-12-23 09:49:00,"Hallwood","Hallwood 1 RR","Continue trapping","Not recorded","Not recorded",NA,2.20000004768372,2.5,"Yes",NA,NA,NA,NA
NA,NA,2007-12-24 08:55:00,"Hallwood","Hallwood 1 RR","Continue trapping","Not recorded","Not recorded",NA,0.600000023841858,1.70000004768372,"Yes",NA,NA,NA,NA
NA,NA,2007-12-25 11:05:00,"Hallwood","Hallwood 1 RR","Continue trapping","Not recorded","Not recorded",NA,1.20000004768372,1.60000002384186,"Yes",NA,NA,NA,NA
NA,NA,2007-12-26 09:27:00,"Hallwood","Hallwood 1 RR","Continue trapping","Not recorded","Not recorded",NA,1.39999997615814,1.5,"Yes",NA,NA,NA,NA
NA,NA,2007-12-27 08:48:00,"Hallwood","Hallwood 1 RR","Continue trapping","Not recorded","Not recorded",NA,1.5,1.5,"Yes",NA,NA,NA,NA
NA,NA,2007-12-28 09:04:00,"Hallwood","Hallwood 1 RR","Continue trapping","Not recorded","Not recorded",NA,1.5,1.5,"Yes",NA,NA,NA,NA
NA,NA,2007-12-29 09:10:00,"Hallwood","Hallwood 1 RR","Continue trapping","Not recorded","Not recorded",NA,1.5,1.5,"Yes",NA,NA,NA,NA
NA,NA,2007-12-30 09:07:00,"Hallwood","Hallwood 1 RR","Continue trapping","Not recorded","Not recorded",NA,1.10000002384186,1.39999997615814,"Yes",NA,NA,NA,NA
NA,NA,2007-12-31 08:48:00,"Hallwood","Hallwood 1 RR","Continue trapping","Not recorded","Not recorded",NA,1.39999997615814,1.39999997615814,"Yes",NA,NA,NA,NA
NA,NA,2008-01-01 09:47:00,"Hallwood","Hallwood 1 RR","Continue trapping","Not recorded","Not recorded",NA,1.29999995231628,1.29999995231628,"Yes",NA,NA,NA,NA
NA,NA,2008-01-02 08:51:00,"Hallwood","Hallwood 1 RR","Continue trapping","Not recorded","Not recorded",NA,1.20000004768372,1.39999997615814,"Yes",NA,NA,NA,NA
NA,NA,2008-01-03 08:51:00,"Hallwood","Hallwood 1 RR","Continue trapping","Not recorded","Not recorded",NA,1.29999995231628,1.20000004768372,"Yes",NA,NA,NA,NA
NA,NA,2008-01-04 08:25:00,"Hallwood","Hallwood 1 RR","Continue trapping","Not recorded","Not recorded",NA,2.5,2.70000004768372,"Yes",NA,NA,NA,NA
NA,NA,2008-01-08 08:52:00,"Hallwood","Hallwood 1 RR","Continue trapping","Not recorded","Not recorded",NA,4.19999980926514,4.69999980926514,"Yes",NA,NA,NA,NA
NA,NA,2008-01-09 08:01:00,"Hallwood","Hallwood 1 RR","Continue trapping","Not recorded","Not recorded",NA,4.59999990463257,5,"Yes",NA,NA,NA,NA
NA,NA,2008-01-10 08:13:00,"Hallwood","Hallwood 1 RR","Continue trapping","Not recorded","Not recorded",NA,3,3.29999995231628,"Yes",NA,NA,NA,NA
NA,NA,2008-01-11 09:06:00,"Hallwood","Hallwood 1 RR","Continue trapping","Not recorded","Not recorded",NA,2.70000004768372,2.5,"Yes",NA,NA,NA,NA
NA,NA,2008-01-12 09:24:00,"Hallwood","Hallwood 1 RR","Continue trapping","Not recorded","Not recorded",NA,2.70000004768372,2.5,"Yes",NA,NA,NA,NA
NA,NA,2008-01-13 09:26:00,"Hallwood","Hallwood 1 RR","Continue trapping","Not recorded","Not recorded",NA,2.40000009536743,2.40000009536743,"Yes",NA,NA,NA,NA
NA,NA,2008-01-14 09:03:00,"Hallwood","Hallwood 1 RR","Continue trapping","Not recorded","Not recorded",NA,2.20000004768372,2.5,"Yes",NA,NA,NA,NA
NA,NA,2008-01-15 08:47:00,"Hallwood","Hallwood 1 RR","Continue trapping","Not recorded","Not recorded",NA,2.29999995231628,2.29999995231628,"Yes",NA,NA,NA,NA
NA,NA,2008-01-16 08:55:00,"Hallwood","Hallwood 1 RR","Continue trapping","Not recorded","Not recorded",NA,2.20000004768372,2.20000004768372,"Yes",NA,NA,NA,NA
NA,NA,2008-01-17 09:44:00,"Hallwood","Hallwood 1 RR","Continue trapping","Not recorded","Not recorded",NA,2.20000004768372,2.20000004768372,"Yes",NA,NA,NA,NA
NA,NA,2008-01-18 09:15:00,"Hallwood","Hallwood 1 RR","Continue trapping","Not recorded","Not recorded",NA,1.89999997615814,1.89999997615814,"Yes",NA,NA,NA,NA
NA,NA,2008-01-19 09:25:00,"Hallwood","Hallwood 1 RR","Continue trapping","Not recorded","Not recorded",NA,1.60000002384186,1.60000002384186,"Yes",NA,NA,NA,NA
NA,NA,2008-01-20 08:00:00,"Hallwood","Hallwood 1 RR","Continue trapping","Not recorded","Not recorded",NA,1.60000002384186,1.60000002384186,"Yes",NA,NA,NA,NA
NA,NA,2008-01-21 09:34:00,"Hallwood","Hallwood 1 RR","Continue trapping","Not recorded","Not recorded",NA,1.5,1.60000002384186,"Yes",NA,NA,NA,NA
NA,NA,2008-01-22 08:54:00,"Hallwood","Hallwood 1 RR","Continue trapping","Not recorded","Not recorded",NA,1.5,1.5,"Yes",NA,NA,NA,NA
NA,NA,2008-01-23 08:53:00,"Hallwood","Hallwood 1 RR","Continue trapping","Not recorded","Not recorded",NA,1.60000002384186,1.60000002384186,"Yes",NA,NA,NA,NA
NA,NA,2008-01-24 08:52:00,"Hallwood","Hallwood 1 RR","Continue trapping","Not recorded","Not recorded",NA,1.60000002384186,1.60000002384186,"Yes",NA,NA,NA,NA
NA,NA,2008-01-25 08:46:00,"Hallwood","Hallwood 1 RR","Continue trapping","Not recorded","Not recorded",NA,1.5,1.5,"Yes",NA,NA,NA,NA
NA,NA,2008-01-26 09:34:00,"Hallwood","Hallwood 1 RR","Continue trapping","Not recorded","Not recorded",NA,1.89999997615814,2.09999990463257,"Yes",NA,NA,NA,NA
NA,NA,2008-01-27 10:32:00,"Hallwood","Hallwood 1 RR","Continue trapping","Not recorded","Not recorded",NA,2,2.40000009536743,"Yes",NA,NA,NA,NA
NA,NA,2008-01-28 12:31:00,"Hallwood","Hallwood 1 RR","Continue trapping","Not recorded","Not recorded",NA,3.79999995231628,3.79999995231628,"Yes",NA,NA,NA,NA
NA,NA,2008-01-29 11:29:00,"Hallwood","Hallwood 1 RR","Continue trapping","Not recorded","Not recorded",NA,4.80000019073486,4.80000019073486,"Yes",NA,NA,NA,NA
NA,NA,2008-01-30 10:27:00,"Hallwood","Hallwood 1 RR","Continue trapping","Not recorded","Not recorded",NA,5.69999980926514,5.90000009536743,"Yes",NA,NA,NA,NA
NA,NA,2008-01-31 07:58:00,"Hallwood","Hallwood 1 RR","Continue trapping","Not recorded","Not recorded",NA,4.80000019073486,4.90000009536743,"Yes",NA,NA,NA,NA
NA,NA,2008-02-01 12:18:00,"Hallwood","Hallwood 1 RR","Continue trapping","Not recorded","Not recorded",NA,4.30000019073486,4.30000019073486,"Yes",NA,NA,NA,NA
NA,NA,2008-02-02 09:57:00,"Hallwood","Hallwood 1 RR","Continue trapping","Not recorded","Not recorded",NA,4.80000019073486,4.40000009536743,"Yes",NA,NA,NA,NA
NA,NA,2008-02-03 10:21:00,"Hallwood","Hallwood 1 RR","Continue trapping","Not recorded","Not recorded",NA,4.5,4.90000009536743,"Yes",NA,NA,NA,NA
NA,NA,2008-02-04 09:16:00,"Hallwood","Hallwood 1 RR","Continue trapping","Not recorded","Not recorded",NA,4.69999980926514,4.69999980926514,"Yes",NA,NA,NA,NA
NA,NA,2008-02-05 09:10:00,"Hallwood","Hallwood 1 RR","Continue trapping","Not recorded","Not recorded",NA,4.59999990463257,4.59999990463257,"Yes",NA,NA,NA,NA
NA,NA,2008-02-06 09:07:00,"Hallwood","Hallwood 1 RR","Continue trapping","Not recorded","Not recorded",NA,4.19999980926514,4.19999980926514,"Yes",NA,NA,NA,NA
NA,NA,2008-02-07 08:50:00,"Hallwood","Hallwood 1 RR","Continue trapping","Not recorded","Not recorded",NA,3.09999990463257,3.20000004768372,"Yes",NA,NA,NA,NA
NA,NA,2008-02-08 08:45:00,"Hallwood","Hallwood 1 RR","Continue trapping","Not recorded","Not recorded",NA,2.59999990463257,2.59999990463257,"Yes",NA,NA,NA,NA
NA,NA,2008-02-09 10:25:00,"Hallwood","Hallwood 1 RR","Continue trapping","Not recorded","Not recorded",NA,3,3,"Yes",NA,NA,NA,NA
NA,NA,2008-02-10 09:49:00,"Hallwood","Hallwood 1 RR","Continue trapping","Not recorded","Not recorded",NA,2.90000009536743,3,"Yes",NA,NA,NA,NA
NA,NA,2008-02-11 08:55:00,"Hallwood","Hallwood 1 RR","Continue trapping","Not recorded","Not recorded",NA,2.90000009536743,2.90000009536743,"Yes",NA,NA,NA,NA
NA,NA,2008-02-12 08:52:00,"Hallwood","Hallwood 1 RR","Continue trapping","Not recorded","Not recorded",NA,2.79999995231628,2.79999995231628,"Yes",NA,NA,NA,NA
NA,NA,2008-02-13 08:52:00,"Hallwood","Hallwood 1 RR","Continue trapping","Not recorded","Not recorded",NA,2.70000004768372,2.59999990463257,"Yes",NA,NA,NA,NA
NA,NA,2008-02-14 09:25:00,"Hallwood","Hallwood 1 RR","Continue trapping","Not recorded","Not recorded",NA,2.79999995231628,2.79999995231628,"Yes",NA,NA,NA,NA
NA,NA,2008-02-15 08:55:00,"Hallwood","Hallwood 1 RR","Continue trapping","Not recorded","Not recorded",NA,2,2,"Yes",NA,NA,NA,NA
NA,NA,2008-02-16 08:51:00,"Hallwood","Hallwood 1 RR","Continue trapping","Not recorded","Not recorded",NA,2,2,"Yes",NA,NA,NA,NA
NA,NA,2008-02-17 09:08:00,"Hallwood","Hallwood 1 RR","Continue trapping","Not recorded","Not recorded",NA,1.89999997615814,2,"Yes",NA,NA,NA,NA
NA,NA,2008-02-18 09:05:00,"Hallwood","Hallwood 1 RR","Continue trapping","Not recorded","Not recorded",NA,2,2,"Yes",NA,NA,NA,NA
NA,NA,2008-02-19 09:05:00,"Hallwood","Hallwood 1 RR","Continue trapping","Not recorded","Not recorded",NA,2,2,"Yes",NA,NA,NA,NA
NA,NA,2008-02-20 09:15:00,"Hallwood","Hallwood 1 RR","Continue trapping","Not recorded","Not recorded",NA,2.09999990463257,2.09999990463257,"Yes",NA,NA,NA,NA
NA,NA,2008-02-21 08:58:00,"Hallwood","Hallwood 1 RR","Continue trapping","Not recorded","Not recorded",NA,1.79999995231628,2,"Yes",NA,NA,NA,NA
NA,NA,2008-02-22 08:57:00,"Hallwood","Hallwood 1 RR","Continue trapping","Not recorded","Not recorded",NA,2,2,"Yes",NA,NA,NA,NA
NA,NA,2008-02-23 10:35:00,"Hallwood","Hallwood 1 RR","Continue trapping","Not recorded","Not recorded",NA,2.70000004768372,2.70000004768372,"Yes",NA,NA,NA,NA
NA,NA,2008-02-24 14:54:00,"Hallwood","Hallwood 1 RR","Continue trapping","Not recorded","Not recorded",NA,3,4.19999980926514,"Yes",NA,NA,NA,NA
NA,NA,2008-02-27 09:15:00,"Hallwood","Hallwood 1 RR","Continue trapping","Not recorded","Not recorded",NA,4.40000009536743,4.19999980926514,"Yes",NA,NA,NA,NA
NA,NA,2008-02-28 08:29:00,"Hallwood","Hallwood 1 RR","Continue trapping","Not recorded","Not recorded",NA,2.29999995231628,2.40000009536743,"Yes",NA,NA,NA,NA
NA,NA,2008-02-29 08:40:00,"Hallwood","Hallwood 1 RR","Continue trapping","Not recorded","Not recorded",NA,3,3.40000009536743,"Yes",NA,NA,NA,NA
NA,NA,2008-03-01 09:36:00,"Hallwood","Hallwood 1 RR","Continue trapping","Not recorded","Not recorded",NA,3.09999990463257,3,"Yes",NA,NA,NA,NA
NA,NA,2008-03-02 08:38:00,"Hallwood","Hallwood 1 RR","Continue trapping","Not recorded","Not recorded",NA,2.79999995231628,2.79999995231628,"Yes",NA,NA,NA,NA
NA,NA,2008-03-03 09:08:00,"Hallwood","Hallwood 1 RR","Continue trapping","Not recorded","Not recorded",NA,2.70000004768372,2.70000004768372,"Yes",NA,NA,NA,NA
NA,NA,2008-03-04 08:45:00,"Hallwood","Hallwood 1 RR","Continue trapping","Not recorded","Not recorded",NA,2.70000004768372,2.79999995231628,"Yes",NA,NA,NA,NA
NA,NA,2008-03-05 09:10:00,"Hallwood","Hallwood 1 RR","Continue trapping","Not recorded","Not recorded",NA,2.79999995231628,2.79999995231628,"Yes",NA,NA,NA,NA
NA,NA,2008-03-06 09:20:00,"Hallwood","Hallwood 1 RR","Continue trapping","Not recorded","Not recorded",NA,2.70000004768372,2.70000004768372,"Yes",NA,NA,NA,NA
NA,NA,2008-03-07 09:10:00,"Hallwood","Hallwood 1 RR","Continue trapping","Not recorded","Not recorded",NA,2.70000004768372,2.70000004768372,"Yes",NA,NA,NA,NA
NA,NA,2008-03-08 08:44:00,"Hallwood","Hallwood 1 RR","Continue trapping","Not recorded","Not recorded",NA,2.70000004768372,2.79999995231628,"Yes",NA,NA,NA,NA
NA,NA,2008-03-09 11:38:00,"Hallwood","Hallwood 1 RR","Continue trapping","Not recorded","Not recorded",NA,2.59999990463257,2.59999990463257,"Yes",NA,NA,NA,NA
NA,NA,2008-03-10 09:18:00,"Hallwood","Hallwood 1 RR","Continue trapping","Not recorded","Not recorded",NA,2.5,2.5,"Yes",NA,NA,NA,NA
NA,NA,2008-03-11 09:28:00,"Hallwood","Hallwood 1 RR","Continue trapping","Not recorded","Not recorded",NA,2.40000009536743,2.40000009536743,"Yes",NA,NA,NA,NA
NA,NA,2008-03-12 08:29:00,"Hallwood","Hallwood 1 RR","Continue trapping","Not recorded","Not recorded",NA,2.40000009536743,2.40000009536743,"Yes",NA,NA,NA,NA
NA,NA,2008-03-13 09:12:00,"Hallwood","Hallwood 1 RR","Continue trapping","Not recorded","Not recorded",NA,2.40000009536743,2.40000009536743,"Yes",NA,NA,NA,NA
NA,NA,2008-03-14 09:10:00,"Hallwood","Hallwood 1 RR","Continue trapping","Not recorded","Not recorded",NA,2.40000009536743,2.40000009536743,"Yes",NA,NA,NA,NA
NA,NA,2008-03-15 11:05:00,"Hallwood","Hallwood 1 RR","Continue trapping","Not recorded","Not recorded",NA,2.40000009536743,2.40000009536743,"Yes",NA,NA,NA,NA
NA,NA,2008-03-16 10:38:00,"Hallwood","Hallwood 1 RR","Continue trapping","Not recorded","Not recorded",NA,2.40000009536743,2.40000009536743,"Yes",NA,NA,NA,NA
NA,NA,2008-03-17 09:41:00,"Hallwood","Hallwood 1 RR","Continue trapping","Not recorded","Not recorded",NA,2.29999995231628,2.40000009536743,"Yes",NA,NA,NA,NA
NA,NA,2008-03-18 09:15:00,"Hallwood","Hallwood 1 RR","Continue trapping","Not recorded","Not recorded",NA,2.40000009536743,2.40000009536743,"Yes",NA,NA,NA,NA
NA,NA,2008-03-19 09:21:00,"Hallwood","Hallwood 1 RR","Continue trapping","Not recorded","Not recorded",NA,2.09999990463257,2.5,"Yes",NA,NA,NA,NA
NA,NA,2008-03-20 09:16:00,"Hallwood","Hallwood 1 RR","Continue trapping","Not recorded","Not recorded",NA,2.40000009536743,2.40000009536743,"Yes",NA,NA,NA,NA
NA,NA,2008-03-21 09:04:00,"Hallwood","Hallwood 1 RR","Continue trapping","Not recorded","Not recorded",NA,2.40000009536743,2.40000009536743,"Yes",NA,NA,NA,NA
NA,NA,2008-03-22 09:25:00,"Hallwood","Hallwood 1 RR","Continue trapping","Not recorded","Not recorded",NA,1.89999997615814,2.09999990463257,"Yes",NA,NA,NA,NA
NA,NA,2008-03-23 08:25:00,"Hallwood","Hallwood 1 RR","Continue trapping","Not recorded","Not recorded",NA,2,2.20000004768372,"Yes",NA,NA,NA,NA
NA,NA,2008-03-24 09:15:00,"Hallwood","Hallwood 1 RR","Continue trapping","Not recorded","Not recorded",NA,2,2,"Yes",NA,NA,NA,NA
NA,NA,2008-03-25 09:00:00,"Hallwood","Hallwood 1 RR","Continue trapping","Not recorded","Not recorded",NA,1.60000002384186,2.09999990463257,"Yes",NA,NA,NA,NA
NA,NA,2008-03-26 09:05:00,"Hallwood","Hallwood 1 RR","Continue trapping","Not recorded","Not recorded",NA,1.60000002384186,2,"Yes",NA,NA,NA,NA
NA,NA,2008-03-27 09:03:00,"Hallwood","Hallwood 1 RR","Continue trapping","Not recorded","Not recorded",NA,1.60000002384186,2.20000004768372,"Yes",NA,NA,NA,NA
NA,NA,2008-03-28 09:03:00,"Hallwood","Hallwood 1 RR","Continue trapping","Not recorded","Not recorded",NA,1.60000002384186,2,"Yes",NA,NA,NA,NA
NA,NA,2008-03-29 09:15:00,"Hallwood","Hallwood 1 RR","Continue trapping","Not recorded","Not recorded",NA,1.89999997615814,2.20000004768372,"Yes",NA,NA,NA,NA
NA,NA,2008-03-30 10:58:00,"Hallwood","Hallwood 1 RR","Continue trapping","Not recorded","Not recorded",NA,2,2.20000004768372,"Yes",NA,NA,NA,NA
NA,NA,2008-03-31 08:51:00,"Hallwood","Hallwood 1 RR","Continue trapping","Not recorded","Not recorded",NA,2.09999990463257,2.20000004768372,"Yes",NA,NA,NA,NA
NA,NA,2008-04-01 08:55:00,"Hallwood","Hallwood 1 RR","Continue trapping","Not recorded","Not recorded",NA,2,2.09999990463257,"Yes",NA,NA,NA,NA
NA,NA,2008-04-02 09:09:00,"Hallwood","Hallwood 1 RR","Continue trapping","Not recorded","Not recorded",NA,2.09999990463257,2.20000004768372,"Yes",NA,NA,NA,NA
NA,NA,2008-04-03 09:21:00,"Hallwood","Hallwood 1 RR","Continue trapping","Not recorded","Not recorded",NA,1.89999997615814,1.89999997615814,"Yes",NA,NA,NA,NA
NA,NA,2008-04-04 09:05:00,"Hallwood","Hallwood 1 RR","Continue trapping","Not recorded","Not recorded",NA,1.70000004768372,1.79999995231628,"Yes",NA,NA,NA,NA
NA,NA,2008-04-05 09:19:00,"Hallwood","Hallwood 1 RR","Continue trapping","Not recorded","Not recorded",NA,1.79999995231628,1.89999997615814,"Yes",NA,NA,NA,NA
NA,NA,2008-04-06 10:48:00,"Hallwood","Hallwood 1 RR","Continue trapping","Not recorded","Not recorded",NA,1.70000004768372,1.70000004768372,"Yes",NA,NA,NA,NA
NA,NA,2008-04-07 09:04:00,"Hallwood","Hallwood 1 RR","Continue trapping","Not recorded","Not recorded",NA,1.70000004768372,1.70000004768372,"Yes",NA,NA,NA,NA
NA,NA,2008-04-08 08:05:00,"Hallwood","Hallwood 1 RR","Continue trapping","Not recorded","Not recorded",NA,1.70000004768372,1.79999995231628,"Yes",NA,NA,NA,NA
NA,NA,2008-04-09 09:30:00,"Hallwood","Hallwood 1 RR","Continue trapping","Not recorded","Not recorded",NA,1.79999995231628,1.89999997615814,"Yes",NA,NA,NA,NA
NA,NA,2008-04-10 09:55:00,"Hallwood","Hallwood 1 RR","Continue trapping","Not recorded","Not recorded",NA,1.60000002384186,1.60000002384186,"Yes",NA,NA,NA,NA
NA,NA,2008-04-11 10:17:00,"Hallwood","Hallwood 1 RR","Continue trapping","Not recorded","Not recorded",NA,1.60000002384186,1.70000004768372,"Yes",NA,NA,NA,NA
NA,NA,2008-04-12 10:01:00,"Hallwood","Hallwood 1 RR","Continue trapping","Not recorded","Not recorded",NA,1.79999995231628,1.89999997615814,"Yes",NA,NA,NA,NA
NA,NA,2008-04-13 10:32:00,"Hallwood","Hallwood 1 RR","Continue trapping","Not recorded","Not recorded",NA,1.79999995231628,2,"Yes",NA,NA,NA,NA
NA,NA,2008-04-14 07:50:00,"Hallwood","Hallwood 1 RR","Continue trapping","Not recorded","Not recorded",NA,1.70000004768372,2.09999990463257,"Yes",NA,NA,NA,NA
NA,NA,2008-04-15 09:14:00,"Hallwood","Hallwood 1 RR","Continue trapping","Not recorded","Not recorded",NA,1.5,1.60000002384186,"Yes",NA,NA,NA,NA
NA,NA,2008-04-16 09:05:00,"Hallwood","Hallwood 1 RR","Continue trapping","Not recorded","Not recorded",NA,2.09999990463257,2,"Yes",NA,NA,NA,NA
NA,NA,2008-04-17 11:05:00,"Hallwood","Hallwood 1 RR","Continue trapping","Not recorded","Not recorded",NA,2,2.09999990463257,"Yes",NA,NA,NA,NA
NA,NA,2008-04-18 10:07:00,"Hallwood","Hallwood 1 RR","Continue trapping","Not recorded","Not recorded",NA,2,2,"Yes",NA,NA,NA,NA
NA,NA,2008-04-19 10:15:00,"Hallwood","Hallwood 1 RR","Continue trapping","Not recorded","Not recorded",NA,2,2,"Yes",NA,NA,NA,NA
NA,NA,2008-04-20 12:25:00,"Hallwood","Hallwood 1 RR","Continue trapping","Not recorded","Not recorded",NA,1.89999997615814,1.89999997615814,"Yes",NA,NA,NA,NA
NA,NA,2008-04-21 09:07:00,"Hallwood","Hallwood 1 RR","Continue trapping","Not recorded","Not recorded",NA,2,2,"Yes",NA,NA,NA,NA
NA,NA,2008-04-22 09:14:00,"Hallwood","Hallwood 1 RR","Continue trapping","Not recorded","Not recorded",NA,2,2,"Yes",NA,NA,NA,NA
NA,NA,2008-04-23 08:50:00,"Hallwood","Hallwood 1 RR","Continue trapping","Not recorded","Not recorded",NA,2,2.09999990463257,"Yes",NA,NA,NA,NA
NA,NA,2008-04-24 09:35:00,"Hallwood","Hallwood 1 RR","Continue trapping","Not recorded","Not recorded",NA,1.79999995231628,1.79999995231628,"Yes",NA,NA,NA,NA
NA,NA,2008-04-25 10:36:00,"Hallwood","Hallwood 1 RR","Continue trapping","Not recorded","Not recorded",NA,2,1.89999997615814,"Yes",NA,NA,NA,NA
NA,NA,2008-04-26 10:39:00,"Hallwood","Hallwood 1 RR","Continue trapping","Not recorded","Not recorded",NA,2,1.89999997615814,"Yes",NA,NA,NA,NA
NA,NA,2008-04-27 07:25:00,"Hallwood","Hallwood 1 RR","Continue trapping","Not recorded","Not recorded",NA,1.70000004768372,2,"Yes",NA,NA,NA,NA
NA,NA,2008-04-28 11:18:00,"Hallwood","Hallwood 1 RR","Continue trapping","Not recorded","Not recorded",NA,2,2,"Yes",NA,NA,NA,NA
NA,NA,2008-04-29 08:55:00,"Hallwood","Hallwood 1 RR","Continue trapping","Not recorded","Not recorded",NA,1.89999997615814,2,"Yes",NA,NA,NA,NA
NA,NA,2008-04-30 08:55:00,"Hallwood","Hallwood 1 RR","Continue trapping","Not recorded","Not recorded",NA,2,2,"Yes",NA,NA,NA,NA
NA,NA,2008-05-01 09:40:00,"Hallwood","Hallwood 1 RR","Continue trapping","Not recorded","Not recorded",NA,2.59999990463257,2.59999990463257,"Yes",NA,NA,NA,NA
NA,NA,2008-05-02 08:50:00,"Hallwood","Hallwood 1 RR","Continue trapping","Not recorded","Not recorded",NA,2.79999995231628,2.79999995231628,"Yes",NA,NA,NA,NA
NA,NA,2008-05-03 08:59:00,"Hallwood","Hallwood 1 RR","Continue trapping","Not recorded","Not recorded",NA,2.59999990463257,2.79999995231628,"Yes",NA,NA,NA,NA
NA,NA,2008-05-04 11:26:00,"Hallwood","Hallwood 1 RR","Continue trapping","Not recorded","Not recorded",NA,2.5,2.5,"Yes",NA,NA,NA,NA
NA,NA,2008-05-05 09:44:00,"Hallwood","Hallwood 1 RR","Continue trapping","Not recorded","Not recorded",NA,2.40000009536743,2.70000004768372,"Yes",NA,NA,NA,NA
NA,NA,2008-05-06 11:15:00,"Hallwood","Hallwood 1 RR","Continue trapping","Not recorded","Not recorded",NA,2.40000009536743,2.59999990463257,"Yes",NA,NA,NA,NA
NA,NA,2008-05-07 09:43:00,"Hallwood","Hallwood 1 RR","Continue trapping","Not recorded","Not recorded",NA,2.40000009536743,2.5,"Yes",NA,NA,NA,NA
NA,NA,2008-05-08 09:38:00,"Hallwood","Hallwood 1 RR","Continue trapping","Not recorded","Not recorded",NA,2.59999990463257,2.59999990463257,"Yes",NA,NA,NA,NA
NA,NA,2008-05-09 09:18:00,"Hallwood","Hallwood 1 RR","Continue trapping","Not recorded","Not recorded",NA,2.40000009536743,2.5,"Yes",NA,NA,NA,NA
NA,NA,2008-05-10 09:27:00,"Hallwood","Hallwood 1 RR","Continue trapping","Not recorded","Not recorded",NA,2.40000009536743,2.5,"Yes",NA,NA,NA,NA
NA,NA,2008-05-11 10:24:00,"Hallwood","Hallwood 1 RR","Continue trapping","Not recorded","Not recorded",NA,2.29999995231628,2.20000004768372,"Yes",NA,NA,NA,NA
NA,NA,2008-05-12 09:15:00,"Hallwood","Hallwood 1 RR","Continue trapping","Not recorded","Not recorded",NA,2.09999990463257,2.20000004768372,"Yes",NA,NA,NA,NA
NA,NA,2008-05-13 11:40:00,"Hallwood","Hallwood 1 RR","Continue trapping","Not recorded","Not recorded",NA,0,0,"Yes",NA,NA,NA,NA
NA,NA,2008-05-15 12:48:00,"Hallwood","Hallwood 1 RR","Continue trapping","Not recorded","Not recorded",NA,1.79999995231628,1.79999995231628,"Yes",NA,NA,NA,NA
NA,NA,2008-05-16 08:02:00,"Hallwood","Hallwood 1 RR","Continue trapping","Not recorded","Not recorded",NA,1.79999995231628,1.89999997615814,"Yes",NA,NA,NA,NA
NA,NA,2008-05-17 09:53:00,"Hallwood","Hallwood 1 RR","Continue trapping","Not recorded","Not recorded",NA,1.70000004768372,2.09999990463257,"Yes",NA,NA,NA,NA
NA,NA,2008-05-18 08:26:00,"Hallwood","Hallwood 1 RR","Continue trapping","Not recorded","Not recorded",NA,1.70000004768372,1.89999997615814,"Yes",NA,NA,NA,NA
NA,NA,2008-05-19 08:40:00,"Hallwood","Hallwood 1 RR","Continue trapping","Not recorded","Not recorded",NA,1.70000004768372,1.79999995231628,"Yes",NA,NA,NA,NA
NA,NA,2008-05-20 09:00:00,"Hallwood","Hallwood 1 RR","Continue trapping","Not recorded","Not recorded",NA,1.79999995231628,2,"Yes",NA,NA,NA,NA
NA,NA,2008-05-21 08:28:00,"Hallwood","Hallwood 1 RR","Continue trapping","Not recorded","Not recorded",NA,1.79999995231628,1.89999997615814,"Yes",NA,NA,NA,NA
NA,NA,2008-05-22 08:24:00,"Hallwood","Hallwood 1 RR","Continue trapping","Not recorded","Not recorded",NA,1.79999995231628,1.89999997615814,"Yes",NA,NA,NA,NA
NA,NA,2008-05-23 08:00:00,"Hallwood","Hallwood 1 RR","Continue trapping","Not recorded","Not recorded",NA,1.79999995231628,1.89999997615814,"Yes",NA,NA,NA,NA
NA,NA,2008-05-24 10:56:00,"Hallwood","Hallwood 1 RR","Continue trapping","Not recorded","Not recorded",NA,0,2,"Yes",NA,NA,NA,NA
NA,NA,2008-05-25 12:32:00,"Hallwood","Hallwood 1 RR","Continue trapping","Not recorded","Not recorded",NA,2.09999990463257,1.79999995231628,"Yes",NA,NA,NA,NA
NA,NA,2008-05-26 10:24:00,"Hallwood","Hallwood 1 RR","Continue trapping","Not recorded","Not recorded",NA,1.89999997615814,2,"Yes",NA,NA,NA,NA
NA,NA,2008-05-27 08:24:00,"Hallwood","Hallwood 1 RR","Continue trapping","Not recorded","Not recorded",NA,2,2,"Yes",NA,NA,NA,NA
NA,NA,2008-05-28 08:26:00,"Hallwood","Hallwood 1 RR","Continue trapping","Not recorded","Not recorded",NA,2.09999990463257,2.09999990463257,"Yes",NA,NA,NA,NA
NA,NA,2008-05-29 10:42:00,"Hallwood","Hallwood 1 RR","Continue trapping","Not recorded","Not recorded",NA,2,2,"Yes",NA,NA,NA,NA
NA,NA,2008-05-30 08:21:00,"Hallwood","Hallwood 1 RR","Continue trapping","Not recorded","Not recorded",NA,1.5,1.60000002384186,"Yes",NA,NA,NA,NA
NA,NA,2008-05-31 09:33:00,"Hallwood","Hallwood 1 RR","Continue trapping","Not recorded","Not recorded",NA,2,2,"Yes",NA,NA,NA,NA
NA,NA,2008-06-01 09:58:00,"Hallwood","Hallwood 1 RR","Continue trapping","Not recorded","Not recorded",NA,1.79999995231628,1.5,"Yes",NA,NA,NA,NA
NA,NA,2008-06-02 09:58:00,"Hallwood","Hallwood 1 RR","Continue trapping","Not recorded","Not recorded",NA,1.20000004768372,1,"Yes",NA,NA,NA,NA
NA,NA,2008-06-03 10:26:00,"Hallwood","Hallwood 1 RR","Continue trapping","Not recorded","Not recorded",NA,1,0.899999976158142,"Yes",NA,NA,NA,NA
NA,NA,2008-06-04 09:13:00,"Hallwood","Hallwood 1 RR","Continue trapping","Not recorded","Not recorded",NA,1,0.899999976158142,"Yes",NA,NA,NA,NA
NA,NA,2008-06-05 10:05:00,"Hallwood","Hallwood 1 RR","Continue trapping","Not recorded","Not recorded",NA,1,0.899999976158142,"Yes",NA,NA,NA,NA
NA,NA,2008-06-06 08:52:00,"Hallwood","Hallwood 1 RR","Continue trapping","Not recorded","Not recorded",NA,1.20000004768372,1.20000004768372,"Yes",NA,NA,NA,NA
NA,NA,2008-06-07 09:49:00,"Hallwood","Hallwood 1 RR","Continue trapping","Not recorded","Not recorded",NA,1.10000002384186,1,"Yes",NA,NA,NA,NA
NA,NA,2008-06-08 10:14:00,"Hallwood","Hallwood 1 RR","Continue trapping","Not recorded","Not recorded",NA,1,1,"Yes",NA,NA,NA,NA
NA,NA,2008-06-09 09:27:00,"Hallwood","Hallwood 1 RR","Continue trapping","Not recorded","Not recorded",NA,0.800000011920929,1,"Yes",NA,NA,NA,NA
NA,NA,2008-06-10 09:28:00,"Hallwood","Hallwood 1 RR","Continue trapping","Not recorded","Not recorded",NA,0.899999976158142,0.899999976158142,"Yes",NA,NA,NA,NA
NA,NA,2008-06-11 10:30:00,"Hallwood","Hallwood 1 RR","Continue trapping","Not recorded","Not recorded",NA,1,1,"Yes",NA,NA,NA,NA
NA,NA,2008-06-12 09:15:00,"Hallwood","Hallwood 1 RR","Continue trapping","Not recorded","Not recorded",NA,0.800000011920929,0.899999976158142,"Yes",NA,NA,NA,NA
NA,NA,2008-06-13 09:10:00,"Hallwood","Hallwood 1 RR","Continue trapping","Not recorded","Not recorded",NA,0.899999976158142,1,"Yes",NA,NA,NA,NA
NA,NA,2008-06-14 10:40:00,"Hallwood","Hallwood 1 RR","Continue trapping","Not recorded","Not recorded",NA,0.899999976158142,1,"Yes",NA,NA,NA,NA
NA,NA,2008-06-15 09:34:00,"Hallwood","Hallwood 1 RR","Continue trapping","Not recorded","Not recorded",NA,0.899999976158142,0.899999976158142,"Yes",NA,NA,NA,NA
NA,NA,2008-06-16 09:06:00,"Hallwood","Hallwood 1 RR","Continue trapping","Not recorded","Not recorded",NA,0.899999976158142,1,"Yes",NA,NA,NA,NA
NA,NA,2008-06-17 09:46:00,"Hallwood","Hallwood 1 RR","Continue trapping","Not recorded","Not recorded",NA,0.899999976158142,1.10000002384186,"Yes",NA,NA,NA,NA
NA,NA,2008-06-18 09:42:00,"Hallwood","Hallwood 1 RR","Continue trapping","Not recorded","Not recorded",NA,1,1.10000002384186,"Yes",NA,NA,NA,NA
NA,NA,2008-06-20 08:59:00,"Hallwood","Hallwood 1 RR","Continue trapping","Not recorded","Not recorded",NA,1,1.10000002384186,"Yes",NA,NA,NA,NA
NA,NA,2008-06-21 09:01:00,"Hallwood","Hallwood 1 RR","Continue trapping","Not recorded","Not recorded",NA,0.699999988079071,0.800000011920929,"Yes",NA,NA,NA,NA
NA,NA,2008-06-22 08:51:00,"Hallwood","Hallwood 1 RR","Continue trapping","Not recorded","Not recorded",NA,0.800000011920929,0.800000011920929,"Yes",NA,NA,NA,NA
NA,NA,2008-06-23 09:15:00,"Hallwood","Hallwood 1 RR","Continue trapping","Not recorded","Not recorded",NA,0.699999988079071,0.800000011920929,"Yes",NA,NA,NA,NA
NA,NA,2008-06-26 09:40:00,"Hallwood","Hallwood 1 RR","Continue trapping","Not recorded","Not recorded",NA,0,0.800000011920929,"Yes",NA,NA,NA,NA
NA,NA,2008-06-27 09:05:00,"Hallwood","Hallwood 1 RR","Continue trapping","Not recorded","Not recorded",NA,0.899999976158142,0.800000011920929,"Yes",NA,NA,NA,NA
NA,NA,2008-06-28 08:58:00,"Hallwood","Hallwood 1 RR","Continue trapping","Not recorded","Not recorded",NA,0.699999988079071,0.899999976158142,"Yes",NA,NA,NA,NA
NA,NA,2008-06-30 08:59:00,"Hallwood","Hallwood 1 RR","Continue trapping","Not recorded","Not recorded",NA,0.699999988079071,0.899999976158142,"Yes",NA,NA,NA,NA
NA,NA,2008-07-01 09:14:00,"Hallwood","Hallwood 1 RR","Continue trapping","Not recorded","Not recorded",NA,0.600000023841858,1.10000002384186,"Yes",NA,NA,NA,NA
NA,NA,2008-07-03 09:00:00,"Hallwood","Hallwood 1 RR","Continue trapping","Not recorded","Not recorded",NA,0,1.60000002384186,"Yes",NA,NA,NA,NA
NA,NA,2008-07-05 09:35:00,"Hallwood","Hallwood 1 RR","Continue trapping","Not recorded","Not recorded",NA,0.699999988079071,1.39999997615814,"Yes",NA,NA,NA,NA
NA,NA,2008-07-06 09:14:00,"Hallwood","Hallwood 1 RR","Continue trapping","Not recorded","Not recorded",NA,0.600000023841858,1.60000002384186,"Yes",NA,NA,NA,NA
NA,NA,2008-07-08 08:48:00,"Hallwood","Hallwood 1 RR","Continue trapping","Not recorded","Not recorded",NA,0.899999976158142,1.39999997615814,"Yes",NA,NA,NA,NA
NA,NA,2008-07-10 09:14:00,"Hallwood","Hallwood 1 RR","Continue trapping","Not recorded","Not recorded",NA,1,1.39999997615814,"Yes",NA,NA,NA,NA
NA,NA,2008-07-11 07:58:00,"Hallwood","Hallwood 1 RR","Continue trapping","Not recorded","Not recorded",NA,0.899999976158142,1.39999997615814,"Yes",NA,NA,NA,NA
NA,NA,2008-07-17 09:05:00,"Hallwood","Hallwood 1 RR","Continue trapping","Not recorded","Not recorded",NA,0.400000005960464,1.5,"Yes",NA,NA,NA,NA
NA,NA,2008-07-20 08:53:00,"Hallwood","Hallwood 1 RR","Continue trapping","Not recorded","Not recorded",NA,0,1.20000004768372,"Yes",NA,NA,NA,NA
NA,NA,2008-07-22 08:54:00,"Hallwood","Hallwood 1 RR","Continue trapping","Not recorded","Not recorded",NA,0.300000011920929,1.29999995231628,"Yes",NA,NA,NA,NA
NA,NA,2008-08-08 08:56:00,"Hallwood","Hallwood 1 RR","Continue trapping","Not recorded","Not recorded",NA,0.100000001490116,1.29999995231628,"Yes",NA,NA,NA,NA
NA,NA,2008-09-07 08:47:00,"Hallwood","Hallwood 1 RR","Continue trapping","Not recorded","Not recorded",NA,0.100000001490116,0.899999976158142,"Yes",NA,NA,NA,NA
NA,NA,2008-09-11 09:19:00,"Hallwood","Hallwood 1 RR","Continue trapping","Not recorded","Not recorded",NA,0.899999976158142,1.10000002384186,"Yes",NA,NA,NA,NA
NA,NA,2008-09-13 08:36:00,"Hallwood","Hallwood 1 RR","Continue trapping","Not recorded","Not recorded",NA,0.899999976158142,1,"Yes",NA,NA,NA,NA
NA,NA,2008-09-18 08:07:00,"Hallwood","Hallwood 1 RR","Continue trapping","Not recorded","Not recorded",NA,1.10000002384186,1.29999995231628,"Yes",NA,NA,NA,NA
NA,NA,2008-09-27 08:47:00,"Hallwood","Hallwood 1 RR","Continue trapping","Not recorded","Not recorded",NA,0.600000023841858,1.39999997615814,"Yes",NA,NA,NA,NA
NA,NA,2008-11-16 09:08:00,"Hallwood","Hallwood 1 RR","Continue trapping","Not recorded","Not recorded",NA,0.699999988079071,0.800000011920929,"Yes",NA,NA,NA,NA
NA,NA,2008-11-21 09:40:00,"Hallwood","Hallwood 1 RR","Continue trapping","Not recorded","Not recorded",NA,0.600000023841858,0.699999988079071,"Yes",NA,NA,NA,NA
NA,NA,2008-11-24 09:12:00,"Hallwood","Hallwood 1 RR","Continue trapping","Not recorded","Not recorded",NA,0.600000023841858,0.699999988079071,"Yes",NA,NA,NA,NA
NA,NA,2008-11-25 09:45:00,"Hallwood","Hallwood 1 RR","Continue trapping","Not recorded","Not recorded",NA,0.5,0.800000011920929,"Yes",NA,NA,NA,NA
NA,NA,2008-11-27 09:43:00,"Hallwood","Hallwood 1 RR","Continue trapping","Not recorded","Not recorded",NA,0.600000023841858,0.699999988079071,"Yes",NA,NA,NA,NA
NA,NA,2008-11-28 09:20:00,"Hallwood","Hallwood 1 RR","Continue trapping","Not recorded","Not recorded",NA,0.600000023841858,0.699999988079071,"Yes",NA,NA,NA,NA
NA,NA,2008-11-29 09:34:00,"Hallwood","Hallwood 1 RR","Continue trapping","Not recorded","Not recorded",NA,0.5,0.800000011920929,"Yes",NA,NA,NA,NA
NA,NA,2008-11-30 09:48:00,"Hallwood","Hallwood 1 RR","Continue trapping","Not recorded","Not recorded",NA,0.699999988079071,0.800000011920929,"Yes",NA,NA,NA,NA
NA,NA,2008-12-01 09:14:00,"Hallwood","Hallwood 1 RR","Continue trapping","Not recorded","Not recorded",NA,0.699999988079071,0.699999988079071,"Yes",NA,NA,NA,NA
NA,NA,2008-12-02 10:16:00,"Hallwood","Hallwood 1 RR","Continue trapping","Not recorded","Not recorded",NA,0.600000023841858,0.800000011920929,"Yes",NA,NA,NA,NA
NA,NA,2008-12-03 10:02:00,"Hallwood","Hallwood 1 RR","Continue trapping","Not recorded","Not recorded",NA,0.699999988079071,0.600000023841858,"Yes",NA,NA,NA,NA
NA,NA,2008-12-04 11:28:00,"Hallwood","Hallwood 1 RR","Continue trapping","Not recorded","Not recorded",NA,0.699999988079071,0.600000023841858,"Yes",NA,NA,NA,NA
NA,NA,2008-12-05 13:14:00,"Hallwood","Hallwood 1 RR","Continue trapping","Not recorded","Not recorded",NA,0.5,0.600000023841858,"Yes",NA,NA,NA,NA
NA,NA,2008-12-06 09:29:00,"Hallwood","Hallwood 1 RR","Continue trapping","Not recorded","Not recorded",NA,0.699999988079071,0.699999988079071,"Yes",NA,NA,NA,NA
NA,NA,2008-12-07 09:11:00,"Hallwood","Hallwood 1 RR","Continue trapping","Not recorded","Not recorded",NA,0.699999988079071,0.699999988079071,"Yes",NA,NA,NA,NA
NA,NA,2008-12-08 09:00:00,"Hallwood","Hallwood 1 RR","Continue trapping","Not recorded","Not recorded",NA,0.600000023841858,0.699999988079071,"Yes",NA,NA,NA,NA
NA,NA,2008-12-09 09:35:00,"Hallwood","Hallwood 1 RR","Continue trapping","Not recorded","Not recorded",NA,0.600000023841858,0.5,"Yes",NA,NA,NA,NA
NA,NA,2008-12-10 08:51:00,"Hallwood","Hallwood 1 RR","Continue trapping","Not recorded","Not recorded",NA,0.600000023841858,0.699999988079071,"Yes",NA,NA,NA,NA
NA,NA,2008-12-11 09:51:00,"Hallwood","Hallwood 1 RR","Continue trapping","Not recorded","Not recorded",NA,0.5,0.699999988079071,"Yes",NA,NA,NA,NA
NA,NA,2008-12-12 11:00:00,"Hallwood","Hallwood 1 RR","Continue trapping","Not recorded","Not recorded",NA,0.699999988079071,0.699999988079071,"Yes",NA,NA,NA,NA
NA,NA,2008-12-13 09:06:00,"Hallwood","Hallwood 1 RR","Continue trapping","Not recorded","Not recorded",NA,0.800000011920929,0.699999988079071,"Yes",NA,NA,NA,NA
NA,NA,2008-12-14 09:50:00,"Hallwood","Hallwood 1 RR","Continue trapping","Not recorded","Not recorded",NA,0.800000011920929,0.600000023841858,"Yes",NA,NA,NA,NA
NA,NA,2008-12-15 09:04:00,"Hallwood","Hallwood 1 RR","Continue trapping","Not recorded","Not recorded",NA,0.899999976158142,0.800000011920929,"Yes",NA,NA,NA,NA
NA,NA,2008-12-16 10:08:00,"Hallwood","Hallwood 1 RR","Continue trapping","Not recorded","Not recorded",NA,0.800000011920929,0.800000011920929,"Yes",NA,NA,NA,NA
NA,NA,2008-12-17 09:13:00,"Hallwood","Hallwood 1 RR","Continue trapping","Not recorded","Not recorded",NA,0.800000011920929,0.899999976158142,"Yes",NA,NA,NA,NA
NA,NA,2008-12-18 08:07:00,"Hallwood","Hallwood 1 RR","Continue trapping","Not recorded","Not recorded",NA,0.5,0.899999976158142,"Yes",NA,NA,NA,NA
NA,NA,2008-12-19 09:10:00,"Hallwood","Hallwood 1 RR","Continue trapping","Not recorded","Not recorded",NA,0.600000023841858,0.800000011920929,"Yes",NA,NA,NA,NA
NA,NA,2008-12-20 09:27:00,"Hallwood","Hallwood 1 RR","Continue trapping","Not recorded","Not recorded",NA,0.800000011920929,0.800000011920929,"Yes",NA,NA,NA,NA
NA,NA,2008-12-21 09:42:00,"Hallwood","Hallwood 1 RR","Continue trapping","Not recorded","Not recorded",NA,0.699999988079071,0.699999988079071,"Yes",NA,NA,NA,NA
NA,NA,2008-12-22 10:01:00,"Hallwood","Hallwood 1 RR","Continue trapping","Not recorded","Not recorded",NA,0.400000005960464,1,"Yes",NA,NA,NA,NA
NA,NA,2008-12-23 09:45:00,"Hallwood","Hallwood 1 RR","Continue trapping","Not recorded","Not recorded",NA,0.699999988079071,0.800000011920929,"Yes",NA,NA,NA,NA
NA,NA,2008-12-24 10:05:00,"Hallwood","Hallwood 1 RR","Continue trapping","Not recorded","Not recorded",NA,0.699999988079071,0.899999976158142,"Yes",NA,NA,NA,NA
NA,NA,2008-12-25 10:28:00,"Hallwood","Hallwood 1 RR","Continue trapping","Not recorded","Not recorded",NA,0.800000011920929,2,"Yes",NA,NA,NA,NA
NA,NA,2008-12-26 10:30:00,"Hallwood","Hallwood 1 RR","Continue trapping","Not recorded","Not recorded",NA,0.300000011920929,1.10000002384186,"Yes",NA,NA,NA,NA
NA,NA,2008-12-27 09:46:00,"Hallwood","Hallwood 1 RR","Continue trapping","Not recorded","Not recorded",NA,1,0.899999976158142,"Yes",NA,NA,NA,NA
NA,NA,2008-12-28 10:12:00,"Hallwood","Hallwood 1 RR","Continue trapping","Not recorded","Not recorded",NA,1,0.899999976158142,"Yes",NA,NA,NA,NA
NA,NA,2008-12-29 09:40:00,"Hallwood","Hallwood 1 RR","Continue trapping","Not recorded","Not recorded",NA,1,0.899999976158142,"Yes",NA,NA,NA,NA
NA,NA,2008-12-30 09:00:00,"Hallwood","Hallwood 1 RR","Continue trapping","Not recorded","Not recorded",NA,0.800000011920929,0.600000023841858,"Yes",NA,NA,NA,NA
NA,NA,2008-12-31 09:25:00,"Hallwood","Hallwood 1 RR","Continue trapping","Not recorded","Not recorded",NA,0.800000011920929,0.400000005960464,"Yes",NA,NA,NA,NA
NA,NA,2009-01-01 09:45:00,"Hallwood","Hallwood 1 RR","Continue trapping","Not recorded","Not recorded",NA,0.400000005960464,1.10000002384186,"Yes",NA,NA,NA,NA
NA,NA,2009-01-02 08:50:00,"Hallwood","Hallwood 1 RR","Continue trapping","Not recorded","Not recorded",NA,0.5,0.5,"Yes",NA,NA,NA,NA
NA,NA,2009-01-03 09:53:00,"Hallwood","Hallwood 1 RR","Continue trapping","Not recorded","Not recorded",NA,0.699999988079071,0.699999988079071,"Yes",NA,NA,NA,NA
NA,NA,2009-01-04 10:14:00,"Hallwood","Hallwood 1 RR","Continue trapping","Not recorded","Not recorded",NA,0.699999988079071,0.600000023841858,"Yes",NA,NA,NA,NA
NA,NA,2009-01-05 09:50:00,"Hallwood","Hallwood 1 RR","Continue trapping","Not recorded","Not recorded",NA,0.800000011920929,0.699999988079071,"Yes",NA,NA,NA,NA
NA,NA,2009-01-06 09:28:00,"Hallwood","Hallwood 1 RR","Continue trapping","Not recorded","Not recorded",NA,0.400000005960464,0.800000011920929,"Yes",NA,NA,NA,NA
NA,NA,2009-01-07 09:48:00,"Hallwood","Hallwood 1 RR","Continue trapping","Not recorded","Not recorded",NA,0.699999988079071,0.699999988079071,"Yes",NA,NA,NA,NA
NA,NA,2009-01-08 11:49:00,"Hallwood","Hallwood 1 RR","Continue trapping","Not recorded","Not recorded",NA,0.699999988079071,0.600000023841858,"Yes",NA,NA,NA,NA
NA,NA,2009-01-09 10:00:00,"Hallwood","Hallwood 1 RR","Continue trapping","Not recorded","Not recorded",NA,0.5,0.600000023841858,"Yes",NA,NA,NA,NA
NA,NA,2009-01-10 10:48:00,"Hallwood","Hallwood 1 RR","Continue trapping","Not recorded","Not recorded",NA,0.600000023841858,0.600000023841858,"Yes",NA,NA,NA,NA
NA,NA,2009-01-11 10:51:00,"Hallwood","Hallwood 1 RR","Continue trapping","Not recorded","Not recorded",NA,0.800000011920929,0.800000011920929,"Yes",NA,NA,NA,NA
NA,NA,2009-01-12 09:30:00,"Hallwood","Hallwood 1 RR","Continue trapping","Not recorded","Not recorded",NA,0.699999988079071,0.600000023841858,"Yes",NA,NA,NA,NA
NA,NA,2009-01-13 09:27:00,"Hallwood","Hallwood 1 RR","Continue trapping","Not recorded","Not recorded",NA,0.400000005960464,0.600000023841858,"Yes",NA,NA,NA,NA
NA,NA,2009-01-14 08:50:00,"Hallwood","Hallwood 1 RR","Continue trapping","Not recorded","Not recorded",NA,0.600000023841858,0.600000023841858,"Yes",NA,NA,NA,NA
NA,NA,2009-01-15 09:37:00,"Hallwood","Hallwood 1 RR","Continue trapping","Not recorded","Not recorded",NA,0.5,0.600000023841858,"Yes",NA,NA,NA,NA
NA,NA,2009-01-16 09:45:00,"Hallwood","Hallwood 1 RR","Continue trapping","Not recorded","Not recorded",NA,0.400000005960464,0.5,"Yes",NA,NA,NA,NA
NA,NA,2009-01-17 10:59:00,"Hallwood","Hallwood 1 RR","Continue trapping","Not recorded","Not recorded",NA,0.600000023841858,0.400000005960464,"Yes",NA,NA,NA,NA
NA,NA,2009-01-18 10:45:00,"Hallwood","Hallwood 1 RR","Continue trapping","Not recorded","Not recorded",NA,0.5,0.5,"Yes",NA,NA,NA,NA
NA,NA,2009-01-19 10:30:00,"Hallwood","Hallwood 1 RR","Continue trapping","Not recorded","Not recorded",NA,0.5,0.600000023841858,"Yes",NA,NA,NA,NA
NA,NA,2009-01-20 09:15:00,"Hallwood","Hallwood 1 RR","Continue trapping","Not recorded","Not recorded",NA,0.400000005960464,0.400000005960464,"Yes",NA,NA,NA,NA
NA,NA,2009-01-21 09:20:00,"Hallwood","Hallwood 1 RR","Continue trapping","Not recorded","Not recorded",NA,0.5,0.400000005960464,"Yes",NA,NA,NA,NA
NA,NA,2009-01-22 09:09:00,"Hallwood","Hallwood 1 RR","Continue trapping","Not recorded","Not recorded",NA,0.400000005960464,0.400000005960464,"Yes",NA,NA,NA,NA
NA,NA,2009-01-23 10:01:00,"Hallwood","Hallwood 1 RR","Continue trapping","Not recorded","Not recorded",NA,0.699999988079071,0.899999976158142,"Yes",NA,NA,NA,NA
NA,NA,2009-01-24 11:01:00,"Hallwood","Hallwood 1 RR","Continue trapping","Not recorded","Not recorded",NA,0.699999988079071,1.20000004768372,"Yes",NA,NA,NA,NA
NA,NA,2009-01-25 10:23:00,"Hallwood","Hallwood 1 RR","Continue trapping","Not recorded","Not recorded",NA,1,1.10000002384186,"Yes",NA,NA,NA,NA
NA,NA,2009-01-26 09:45:00,"Hallwood","Hallwood 1 RR","Continue trapping","Not recorded","Not recorded",NA,0.800000011920929,1,"Yes",NA,NA,NA,NA
NA,NA,2009-01-27 09:38:00,"Hallwood","Hallwood 1 RR","Continue trapping","Not recorded","Not recorded",NA,1,1.10000002384186,"Yes",NA,NA,NA,NA
NA,NA,2009-01-28 10:13:00,"Hallwood","Hallwood 1 RR","Continue trapping","Not recorded","Not recorded",NA,0.699999988079071,0.899999976158142,"Yes",NA,NA,NA,NA
NA,NA,2009-01-29 09:30:00,"Hallwood","Hallwood 1 RR","Continue trapping","Not recorded","Not recorded",NA,0.899999976158142,1,"Yes",NA,NA,NA,NA
NA,NA,2009-01-30 09:40:00,"Hallwood","Hallwood 1 RR","Continue trapping","Not recorded","Not recorded",NA,0.899999976158142,0.899999976158142,"Yes",NA,NA,NA,NA
NA,NA,2009-01-31 11:27:00,"Hallwood","Hallwood 1 RR","Continue trapping","Not recorded","Not recorded",NA,0.699999988079071,0.899999976158142,"Yes",NA,NA,NA,NA
NA,NA,2009-02-01 09:30:00,"Hallwood","Hallwood 1 RR","Continue trapping","Not recorded","Not recorded",NA,0.899999976158142,0.899999976158142,"Yes",NA,NA,NA,NA
NA,NA,2009-02-02 09:47:00,"Hallwood","Hallwood 1 RR","Continue trapping","Not recorded","Not recorded",NA,0.899999976158142,0.899999976158142,"Yes",NA,NA,NA,NA
NA,NA,2009-02-03 10:55:00,"Hallwood","Hallwood 1 RR","Continue trapping","Not recorded","Not recorded",NA,0.800000011920929,1,"Yes",NA,NA,NA,NA
NA,NA,2009-02-04 10:40:00,"Hallwood","Hallwood 1 RR","Continue trapping","Not recorded","Not recorded",NA,0.600000023841858,0.899999976158142,"Yes",NA,NA,NA,NA
NA,NA,2009-02-05 10:52:00,"Hallwood","Hallwood 1 RR","Continue trapping","Not recorded","Not recorded",NA,0.600000023841858,0.800000011920929,"Yes",NA,NA,NA,NA
NA,NA,2009-02-06 09:35:00,"Hallwood","Hallwood 1 RR","Continue trapping","Not recorded","Not recorded",NA,0.600000023841858,0.800000011920929,"Yes",NA,NA,NA,NA
NA,NA,2009-02-07 08:58:00,"Hallwood","Hallwood 1 RR","Continue trapping","Not recorded","Not recorded",NA,0.800000011920929,0.899999976158142,"Yes",NA,NA,NA,NA
NA,NA,2009-02-08 09:46:00,"Hallwood","Hallwood 1 RR","Continue trapping","Not recorded","Not recorded",NA,0.800000011920929,0.899999976158142,"Yes",NA,NA,NA,NA
NA,NA,2009-02-09 09:00:00,"Hallwood","Hallwood 1 RR","Continue trapping","Not recorded","Not recorded",NA,0.699999988079071,0.899999976158142,"Yes",NA,NA,NA,NA
NA,NA,2009-02-10 09:15:00,"Hallwood","Hallwood 1 RR","Continue trapping","Not recorded","Not recorded",NA,0.600000023841858,0.699999988079071,"Yes",NA,NA,NA,NA
NA,NA,2009-02-11 09:30:00,"Hallwood","Hallwood 1 RR","Continue trapping","Not recorded","Not recorded",NA,0.600000023841858,0.899999976158142,"Yes",NA,NA,NA,NA
NA,NA,2009-02-12 09:58:00,"Hallwood","Hallwood 1 RR","Continue trapping","Not recorded","Not recorded",NA,0.800000011920929,1.10000002384186,"Yes",NA,NA,NA,NA
NA,NA,2009-02-13 09:15:00,"Hallwood","Hallwood 1 RR","Continue trapping","Not recorded","Not recorded",NA,0.800000011920929,1.20000004768372,"Yes",NA,NA,NA,NA
NA,NA,2009-02-14 11:06:00,"Hallwood","Hallwood 1 RR","Continue trapping","Not recorded","Not recorded",NA,0.600000023841858,1.29999995231628,"Yes",NA,NA,NA,NA
NA,NA,2009-02-15 11:04:00,"Hallwood","Hallwood 1 RR","Continue trapping","Not recorded","Not recorded",NA,0,1.20000004768372,"Yes",NA,NA,NA,NA
NA,NA,2009-02-16 09:46:00,"Hallwood","Hallwood 1 RR","Continue trapping","Not recorded","Not recorded",NA,1.5,1.60000002384186,"Yes",NA,NA,NA,NA
NA,NA,2009-02-17 10:40:00,"Hallwood","Hallwood 1 RR","Continue trapping","Not recorded","Not recorded",NA,0.5,1.79999995231628,"Yes",NA,NA,NA,NA
NA,NA,2009-02-18 10:04:00,"Hallwood","Hallwood 1 RR","Continue trapping","Not recorded","Not recorded",NA,0.400000005960464,2.40000009536743,"Yes",NA,NA,NA,NA
NA,NA,2009-02-19 09:30:00,"Hallwood","Hallwood 1 RR","Continue trapping","Not recorded","Not recorded",NA,1.70000004768372,1.79999995231628,"Yes",NA,NA,NA,NA
NA,NA,2009-02-20 09:33:00,"Hallwood","Hallwood 1 RR","Continue trapping","Not recorded","Not recorded",NA,1.5,1.60000002384186,"Yes",NA,NA,NA,NA
NA,NA,2009-02-21 09:04:00,"Hallwood","Hallwood 1 RR","Continue trapping","Not recorded","Not recorded",NA,1.70000004768372,1.5,"Yes",NA,NA,NA,NA
NA,NA,2009-02-22 09:40:00,"Hallwood","Hallwood 1 RR","Continue trapping","Not recorded","Not recorded",NA,1.5,1.70000004768372,"Yes",NA,NA,NA,NA
NA,NA,2009-02-23 09:56:00,"Hallwood","Hallwood 1 RR","Unplanned restart","Not recorded","Not recorded",NA,2.70000004768372,3.59999990463257,"Yes",NA,NA,NA,NA
NA,NA,2009-02-26 09:11:00,"Hallwood","Hallwood 1 RR","Continue trapping","Not recorded","Not recorded",NA,3.90000009536743,3.90000009536743,"Yes",NA,NA,NA,NA
NA,NA,2009-02-27 08:56:00,"Hallwood","Hallwood 1 RR","Continue trapping","Not recorded","Not recorded",NA,2.59999990463257,1.70000004768372,"Yes",NA,NA,NA,NA
NA,NA,2009-02-28 10:32:00,"Hallwood","Hallwood 1 RR","Continue trapping","Not recorded","Not recorded",NA,1.10000002384186,1.39999997615814,"Yes",NA,NA,NA,NA
NA,NA,2009-03-01 10:37:00,"Hallwood","Hallwood 1 RR","Continue trapping","Not recorded","Not recorded",NA,1.10000002384186,1.20000004768372,"Yes",NA,NA,NA,NA
NA,NA,2009-03-02 15:45:00,"Hallwood","Hallwood 1 RR","Continue trapping","Not recorded","Not recorded",NA,1.79999995231628,2,"Yes",NA,NA,NA,NA
NA,NA,2009-03-05 09:32:00,"Hallwood","Hallwood 1 RR","Continue trapping","Not recorded","Not recorded",NA,1.89999997615814,3,"Yes",NA,NA,NA,NA
NA,NA,2009-03-06 09:15:00,"Hallwood","Hallwood 1 RR","Continue trapping","Not recorded","Not recorded",NA,3.90000009536743,3.90000009536743,"Yes",NA,NA,NA,NA
NA,NA,2009-03-07 08:43:00,"Hallwood","Hallwood 1 RR","Continue trapping","Not recorded","Not recorded",NA,2,2,"Yes",NA,NA,NA,NA
NA,NA,2009-03-08 10:00:00,"Hallwood","Hallwood 1 RR","Continue trapping","Not recorded","Not recorded",NA,1.70000004768372,1.79999995231628,"Yes",NA,NA,NA,NA
NA,NA,2009-03-09 09:09:00,"Hallwood","Hallwood 1 RR","Continue trapping","Not recorded","Not recorded",NA,1.5,1.29999995231628,"Yes",NA,NA,NA,NA
NA,NA,2009-03-10 09:07:00,"Hallwood","Hallwood 1 RR","Continue trapping","Not recorded","Not recorded",NA,1.20000004768372,1.29999995231628,"Yes",NA,NA,NA,NA
NA,NA,2009-03-11 08:50:00,"Hallwood","Hallwood 1 RR","Continue trapping","Not recorded","Not recorded",NA,1.20000004768372,1.20000004768372,"Yes",NA,NA,NA,NA
NA,NA,2009-03-12 10:21:00,"Hallwood","Hallwood 1 RR","Continue trapping","Not recorded","Not recorded",NA,1.10000002384186,1.10000002384186,"Yes",NA,NA,NA,NA
NA,NA,2009-03-13 10:15:00,"Hallwood","Hallwood 1 RR","Continue trapping","Not recorded","Not recorded",NA,1,1,"Yes",NA,NA,NA,NA
NA,NA,2009-03-14 08:20:00,"Hallwood","Hallwood 1 RR","Continue trapping","Not recorded","Not recorded",NA,1,1,"Yes",NA,NA,NA,NA
NA,NA,2009-03-15 10:26:00,"Hallwood","Hallwood 1 RR","Continue trapping","Not recorded","Not recorded",NA,0.899999976158142,0.800000011920929,"Yes",NA,NA,NA,NA
NA,NA,2009-03-16 09:59:00,"Hallwood","Hallwood 1 RR","Continue trapping","Not recorded","Not recorded",NA,0.5,0.5,"Yes",NA,NA,NA,NA
NA,NA,2009-03-17 10:55:00,"Hallwood","Hallwood 1 RR","Continue trapping","Not recorded","Not recorded",NA,1,0.899999976158142,"Yes",NA,NA,NA,NA
NA,NA,2009-03-18 08:57:00,"Hallwood","Hallwood 1 RR","Continue trapping","Not recorded","Not recorded",NA,1,0.899999976158142,"Yes",NA,NA,NA,NA
NA,NA,2009-03-19 10:22:00,"Hallwood","Hallwood 1 RR","Continue trapping","Not recorded","Not recorded",NA,1,1,"Yes",NA,NA,NA,NA
NA,NA,2009-03-20 10:20:00,"Hallwood","Hallwood 1 RR","Continue trapping","Not recorded","Not recorded",NA,0.699999988079071,0.899999976158142,"Yes",NA,NA,NA,NA
NA,NA,2009-03-21 10:49:00,"Hallwood","Hallwood 1 RR","Continue trapping","Not recorded","Not recorded",NA,0.800000011920929,0.899999976158142,"Yes",NA,NA,NA,NA
NA,NA,2009-03-22 10:05:00,"Hallwood","Hallwood 1 RR","Continue trapping","Not recorded","Not recorded",NA,0.800000011920929,0.899999976158142,"Yes",NA,NA,NA,NA
NA,NA,2009-03-23 09:13:00,"Hallwood","Hallwood 1 RR","Continue trapping","Not recorded","Not recorded",NA,1,0.899999976158142,"Yes",NA,NA,NA,NA
NA,NA,2009-03-24 08:40:00,"Hallwood","Hallwood 1 RR","Continue trapping","Not recorded","Not recorded",NA,0.899999976158142,0.899999976158142,"Yes",NA,NA,NA,NA
NA,NA,2009-03-25 09:09:00,"Hallwood","Hallwood 1 RR","Continue trapping","Not recorded","Not recorded",NA,0.600000023841858,0.800000011920929,"Yes",NA,NA,NA,NA
NA,NA,2009-03-26 09:31:00,"Hallwood","Hallwood 1 RR","Continue trapping","Not recorded","Not recorded",NA,0.699999988079071,1,"Yes",NA,NA,NA,NA
NA,NA,2009-03-27 08:58:00,"Hallwood","Hallwood 1 RR","Continue trapping","Not recorded","Not recorded",NA,0.699999988079071,1,"Yes",NA,NA,NA,NA
NA,NA,2009-03-28 10:41:00,"Hallwood","Hallwood 1 RR","Continue trapping","Not recorded","Not recorded",NA,0.800000011920929,1.5,"Yes",NA,NA,NA,NA
NA,NA,2009-03-29 10:53:00,"Hallwood","Hallwood 1 RR","Continue trapping","Not recorded","Not recorded",NA,1.29999995231628,1.60000002384186,"Yes",NA,NA,NA,NA
NA,NA,2009-03-30 09:10:00,"Hallwood","Hallwood 1 RR","Continue trapping","Not recorded","Not recorded",NA,1,1.5,"Yes",NA,NA,NA,NA
NA,NA,2009-03-31 09:51:00,"Hallwood","Hallwood 1 RR","Continue trapping","Not recorded","Not recorded",NA,0.899999976158142,1.5,"Yes",NA,NA,NA,NA
NA,NA,2009-04-01 09:54:00,"Hallwood","Hallwood 1 RR","Continue trapping","Not recorded","Not recorded",NA,1,1.79999995231628,"Yes",NA,NA,NA,NA
NA,NA,2009-04-02 10:12:00,"Hallwood","Hallwood 1 RR","Continue trapping","Not recorded","Not recorded",NA,0.800000011920929,2,"Yes",NA,NA,NA,NA
NA,NA,2009-04-03 10:29:00,"Hallwood","Hallwood 1 RR","Continue trapping","Not recorded","Not recorded",NA,0.899999976158142,2.29999995231628,"Yes",NA,NA,NA,NA
NA,NA,2009-04-04 11:48:00,"Hallwood","Hallwood 1 RR","Continue trapping","Not recorded","Not recorded",NA,1.5,2.20000004768372,"Yes",NA,NA,NA,NA
NA,NA,2009-04-05 10:10:00,"Hallwood","Hallwood 1 RR","Continue trapping","Not recorded","Not recorded",NA,1.5,2.29999995231628,"Yes",NA,NA,NA,NA
NA,NA,2009-04-06 09:20:00,"Hallwood","Hallwood 1 RR","Continue trapping","Not recorded","Not recorded",NA,1.5,2,"Yes",NA,NA,NA,NA
NA,NA,2009-04-07 09:12:00,"Hallwood","Hallwood 1 RR","Continue trapping","Not recorded","Not recorded",NA,1.5,2.20000004768372,"Yes",NA,NA,NA,NA
NA,NA,2009-04-08 09:24:00,"Hallwood","Hallwood 1 RR","Continue trapping","Not recorded","Not recorded",NA,1.39999997615814,2.20000004768372,"Yes",NA,NA,NA,NA
NA,NA,2009-04-09 09:59:00,"Hallwood","Hallwood 1 RR","Continue trapping","Not recorded","Not recorded",NA,1.89999997615814,2.20000004768372,"Yes",NA,NA,NA,NA
NA,NA,2009-04-10 09:15:00,"Hallwood","Hallwood 1 RR","Continue trapping","Not recorded","Not recorded",NA,1.70000004768372,2,"Yes",NA,NA,NA,NA
NA,NA,2009-04-11 11:20:00,"Hallwood","Hallwood 1 RR","Continue trapping","Not recorded","Not recorded",NA,1.70000004768372,2.29999995231628,"Yes",NA,NA,NA,NA
NA,NA,2009-04-12 10:49:00,"Hallwood","Hallwood 1 RR","Continue trapping","Not recorded","Not recorded",NA,1.20000004768372,2.20000004768372,"Yes",NA,NA,NA,NA
NA,NA,2009-04-13 09:18:00,"Hallwood","Hallwood 1 RR","Continue trapping","Not recorded","Not recorded",NA,1.29999995231628,2.20000004768372,"Yes",NA,NA,NA,NA
NA,NA,2009-04-14 09:24:00,"Hallwood","Hallwood 1 RR","Continue trapping","Not recorded","Not recorded",NA,1.39999997615814,2.29999995231628,"Yes",NA,NA,NA,NA
NA,NA,2009-04-15 09:09:00,"Hallwood","Hallwood 1 RR","Continue trapping","Not recorded","Not recorded",NA,1.39999997615814,2,"Yes",NA,NA,NA,NA
NA,NA,2009-04-16 10:16:00,"Hallwood","Hallwood 1 RR","Continue trapping","Not recorded","Not recorded",NA,2.09999990463257,2.40000009536743,"Yes",NA,NA,NA,NA
NA,NA,2009-04-17 09:55:00,"Hallwood","Hallwood 1 RR","Continue trapping","Not recorded","Not recorded",NA,3.20000004768372,3.79999995231628,"Yes",NA,NA,NA,NA
NA,NA,2009-04-18 09:48:00,"Hallwood","Hallwood 1 RR","Continue trapping","Not recorded","Not recorded",NA,2.5,3.90000009536743,"Yes",NA,NA,NA,NA
NA,NA,2009-04-19 08:56:00,"Hallwood","Hallwood 1 RR","Continue trapping","Not recorded","Not recorded",NA,3.29999995231628,3.70000004768372,"Yes",NA,NA,NA,NA
NA,NA,2009-04-20 09:17:00,"Hallwood","Hallwood 1 RR","Continue trapping","Not recorded","Not recorded",NA,3.20000004768372,3.79999995231628,"Yes",NA,NA,NA,NA
NA,NA,2009-04-21 08:48:00,"Hallwood","Hallwood 1 RR","Continue trapping","Not recorded","Not recorded",NA,3.59999990463257,3.79999995231628,"Yes",NA,NA,NA,NA
NA,NA,2009-04-22 10:28:00,"Hallwood","Hallwood 1 RR","Continue trapping","Not recorded","Not recorded",NA,3.5,3.40000009536743,"Yes",NA,NA,NA,NA
NA,NA,2009-04-23 09:42:00,"Hallwood","Hallwood 1 RR","Continue trapping","Not recorded","Not recorded",NA,3.20000004768372,3.09999990463257,"Yes",NA,NA,NA,NA
NA,NA,2009-04-24 09:43:00,"Hallwood","Hallwood 1 RR","Continue trapping","Not recorded","Not recorded",NA,3,3.09999990463257,"Yes",NA,NA,NA,NA
NA,NA,2009-04-25 11:09:00,"Hallwood","Hallwood 1 RR","Continue trapping","Not recorded","Not recorded",NA,2.59999990463257,2.79999995231628,"Yes",NA,NA,NA,NA
NA,NA,2009-04-26 09:33:00,"Hallwood","Hallwood 1 RR","Continue trapping","Not recorded","Not recorded",NA,2.5,2.40000009536743,"Yes",NA,NA,NA,NA
NA,NA,2009-04-27 11:16:00,"Hallwood","Hallwood 1 RR","Continue trapping","Not recorded","Not recorded",NA,2.20000004768372,2.20000004768372,"Yes",NA,NA,NA,NA
NA,NA,2009-04-28 09:48:00,"Hallwood","Hallwood 1 RR","Continue trapping","Not recorded","Not recorded",NA,1.20000004768372,1,"Yes",NA,NA,NA,NA
NA,NA,2009-04-29 10:07:00,"Hallwood","Hallwood 1 RR","Continue trapping","Not recorded","Not recorded",NA,1.89999997615814,2,"Yes",NA,NA,NA,NA
NA,NA,2009-04-30 10:19:00,"Hallwood","Hallwood 1 RR","Continue trapping","Not recorded","Not recorded",NA,2.09999990463257,1.89999997615814,"Yes",NA,NA,NA,NA
NA,NA,2009-05-01 11:08:00,"Hallwood","Hallwood 1 RR","Continue trapping","Not recorded","Not recorded",NA,2,2.40000009536743,"Yes",NA,NA,NA,NA
NA,NA,2009-05-02 11:07:00,"Hallwood","Hallwood 1 RR","Continue trapping","Not recorded","Not recorded",NA,3.29999995231628,3.29999995231628,"Yes",NA,NA,NA,NA
NA,NA,2009-05-03 10:49:00,"Hallwood","Hallwood 1 RR","Continue trapping","Not recorded","Not recorded",NA,3.79999995231628,4.30000019073486,"Yes",NA,NA,NA,NA
NA,NA,2009-05-04 10:25:00,"Hallwood","Hallwood 1 RR","Continue trapping","Not recorded","Not recorded",NA,1.10000002384186,3.5,"Yes",NA,NA,NA,NA
NA,NA,2009-04-27 11:06:00,"Hallwood","Hallwood 2 RL","Continue trapping","Not recorded","Not recorded",NA,1,1.20000004768372,"Yes",NA,NA,NA,NA
NA,NA,2009-04-28 09:48:00,"Hallwood","Hallwood 2 RL","Continue trapping","Not recorded","Not recorded",NA,1.20000004768372,1,"Yes",NA,NA,NA,NA
NA,NA,2009-04-29 09:52:00,"Hallwood","Hallwood 2 RL","Continue trapping","Not recorded","Not recorded",NA,0.899999976158142,0.800000011920929,"Yes",NA,NA,NA,NA
NA,NA,2009-04-30 10:16:00,"Hallwood","Hallwood 2 RL","Continue trapping","Not recorded","Not recorded",NA,1,0.800000011920929,"Yes",NA,NA,NA,NA
NA,NA,2009-05-01 11:08:00,"Hallwood","Hallwood 2 RL","Continue trapping","Not recorded","Not recorded",NA,0.800000011920929,1,"Yes",NA,NA,NA,NA
NA,NA,2009-05-02 11:12:00,"Hallwood","Hallwood 2 RL","Continue trapping","Not recorded","Not recorded",NA,1.79999995231628,1.79999995231628,"Yes",NA,NA,NA,NA
NA,NA,2009-05-03 10:58:00,"Hallwood","Hallwood 2 RL","Continue trapping","Not recorded","Not recorded",NA,2.29999995231628,2.70000004768372,"Yes",NA,NA,NA,NA
NA,NA,2009-05-04 10:53:00,"Hallwood","Hallwood 2 RL","Continue trapping","Not recorded","Not recorded",NA,1.39999997615814,2.70000004768372,"Yes",NA,NA,NA,NA
NA,NA,2007-05-08 11:30:00,"Hallwood","Hallwood 3","Continue trapping","Not recorded","Not recorded",NA,3.5,3.5,"Yes",NA,NA,NA,NA
NA,NA,2007-05-09 10:00:00,"Hallwood","Hallwood 3","Continue trapping","Not recorded","Not recorded",NA,4,4,"Yes",NA,NA,NA,NA
NA,NA,2007-05-10 11:00:00,"Hallwood","Hallwood 3","Continue trapping","Not recorded","Not recorded",NA,2,2,"Yes",NA,NA,NA,NA
NA,NA,2007-05-11 09:00:00,"Hallwood","Hallwood 3","Continue trapping","Not recorded","Not recorded",NA,3.5,3.5,"Yes",NA,NA,NA,NA
NA,NA,2007-05-12 08:15:00,"Hallwood","Hallwood 3","Continue trapping","Not recorded","Not recorded",NA,2.75,2.75,"Yes",NA,NA,NA,NA
NA,NA,2007-05-13 08:00:00,"Hallwood","Hallwood 3","Continue trapping","Not recorded","Not recorded",NA,3.25,3.25,"Yes",NA,NA,NA,NA
NA,NA,2007-05-14 09:00:00,"Hallwood","Hallwood 3","Continue trapping","Not recorded","Not recorded",NA,3.25,3.25,"Yes",NA,NA,NA,NA
NA,NA,2007-05-15 11:00:00,"Hallwood","Hallwood 3","Continue trapping","Not recorded","Not recorded",NA,3.20000004768372,3.20000004768372,"Yes",NA,NA,NA,NA
NA,NA,2007-05-16 11:00:00,"Hallwood","Hallwood 3","Continue trapping","Not recorded","Not recorded",NA,3.20000004768372,3.29999995231628,"Yes",NA,NA,NA,NA
NA,NA,2007-05-17 13:30:00,"Hallwood","Hallwood 3","Continue trapping","Not recorded","Not recorded",NA,3,3,"Yes",NA,NA,NA,NA
NA,NA,2007-05-18 12:00:00,"Hallwood","Hallwood 3","Continue trapping","Not recorded","Not recorded",NA,3.59999990463257,3.59999990463257,"Yes",NA,NA,NA,NA
NA,NA,2007-05-19 11:00:00,"Hallwood","Hallwood 3","Continue trapping","Not recorded","Not recorded",NA,3.29999995231628,3.29999995231628,"Yes",NA,NA,NA,NA
NA,NA,2007-05-20 11:00:00,"Hallwood","Hallwood 3","Continue trapping","Not recorded","Not recorded",NA,2.5,2.5,"Yes",NA,NA,NA,NA
NA,NA,2007-05-21 09:00:00,"Hallwood","Hallwood 3","Continue trapping","Not recorded","Not recorded",NA,3,3,"Yes",NA,NA,NA,NA
NA,NA,2007-05-22 09:30:00,"Hallwood","Hallwood 3","Continue trapping","Not recorded","Not recorded",NA,4,4,"Yes",NA,NA,NA,NA
NA,NA,2007-05-23 08:30:00,"Hallwood","Hallwood 3","Continue trapping","Not recorded","Not recorded",NA,3,3,"Yes",NA,NA,NA,NA
NA,NA,2007-05-24 09:00:00,"Hallwood","Hallwood 3","Continue trapping","Not recorded","Not recorded",NA,3.20000004768372,3.20000004768372,"Yes",NA,NA,NA,NA
NA,NA,2007-05-25 07:30:00,"Hallwood","Hallwood 3","Continue trapping","Not recorded","Not recorded",NA,2.90000009536743,3,"Yes",NA,NA,NA,NA
NA,NA,2008-12-02 10:52:00,"Hallwood","Hallwood 3","Continue trapping","Not recorded","Not recorded",NA,2,2.40000009536743,"Yes",NA,NA,NA,NA
NA,NA,2008-12-03 10:28:00,"Hallwood","Hallwood 3","Continue trapping","Not recorded","Not recorded",NA,1.79999995231628,2.5,"Yes",NA,NA,NA,NA
NA,NA,2008-12-04 11:46:00,"Hallwood","Hallwood 3","Continue trapping","Not recorded","Not recorded",NA,2.09999990463257,2.59999990463257,"Yes",NA,NA,NA,NA
NA,NA,2008-12-05 13:40:00,"Hallwood","Hallwood 3","Continue trapping","Not recorded","Not recorded",NA,2.09999990463257,2.59999990463257,"Yes",NA,NA,NA,NA
NA,NA,2008-12-06 10:10:00,"Hallwood","Hallwood 3","Continue trapping","Not recorded","Not recorded",NA,2.09999990463257,2.40000009536743,"Yes",NA,NA,NA,NA
NA,NA,2008-12-07 09:36:00,"Hallwood","Hallwood 3","Continue trapping","Not recorded","Not recorded",NA,2.09999990463257,2.5,"Yes",NA,NA,NA,NA
NA,NA,2008-12-08 09:24:00,"Hallwood","Hallwood 3","Continue trapping","Not recorded","Not recorded",NA,2.40000009536743,2.70000004768372,"Yes",NA,NA,NA,NA
NA,NA,2008-12-09 09:39:00,"Hallwood","Hallwood 3","Continue trapping","Not recorded","Not recorded",NA,2.09999990463257,2.5,"Yes",NA,NA,NA,NA
NA,NA,2008-12-10 08:48:00,"Hallwood","Hallwood 3","Continue trapping","Not recorded","Not recorded",NA,2,2.59999990463257,"Yes",NA,NA,NA,NA
NA,NA,2008-12-11 09:15:00,"Hallwood","Hallwood 3","Continue trapping","Not recorded","Not recorded",NA,2.09999990463257,2.40000009536743,"Yes",NA,NA,NA,NA
NA,NA,2008-12-12 10:36:00,"Hallwood","Hallwood 3","Continue trapping","Not recorded","Not recorded",NA,2,2.59999990463257,"Yes",NA,NA,NA,NA
NA,NA,2008-12-13 09:21:00,"Hallwood","Hallwood 3","Continue trapping","Not recorded","Not recorded",NA,1.60000002384186,2.5,"Yes",NA,NA,NA,NA
NA,NA,2008-12-14 10:21:00,"Hallwood","Hallwood 3","Continue trapping","Not recorded","Not recorded",NA,2,2.79999995231628,"Yes",NA,NA,NA,NA
NA,NA,2008-12-15 09:05:00,"Hallwood","Hallwood 3","Continue trapping","Not recorded","Not recorded",NA,2.5,3.09999990463257,"Yes",NA,NA,NA,NA
NA,NA,2008-12-16 10:54:00,"Hallwood","Hallwood 3","Continue trapping","Not recorded","Not recorded",NA,2,2.40000009536743,"Yes",NA,NA,NA,NA
NA,NA,2008-12-17 09:52:00,"Hallwood","Hallwood 3","Continue trapping","Not recorded","Not recorded",NA,2.20000004768372,3,"Yes",NA,NA,NA,NA
NA,NA,2008-12-18 09:05:00,"Hallwood","Hallwood 3","Continue trapping","Not recorded","Not recorded",NA,1.60000002384186,2.5,"Yes",NA,NA,NA,NA
NA,NA,2003-12-02 09:30:00,"Yuba River","Yuba River","Continue trapping","Not recorded","Not recorded",NA,3.5,4.30000019073486,"Yes",NA,NA,NA,NA
NA,NA,2003-12-03 10:40:00,"Yuba River","Yuba River","Continue trapping","Not recorded","Not recorded",NA,4,3.85999989509583,"Yes",NA,NA,NA,NA
NA,NA,2003-12-04 10:30:00,"Yuba River","Yuba River","Continue trapping","Not recorded","Not recorded",NA,3.84999990463257,4.09999990463257,"Yes",NA,NA,NA,NA
NA,NA,2003-12-05 10:00:00,"Yuba River","Yuba River","Continue trapping","Not recorded","Not recorded",NA,3.79999995231628,4.19999980926514,"Yes",NA,NA,NA,NA
NA,NA,2003-12-06 08:40:00,"Yuba River","Yuba River","Continue trapping","Not recorded","Not recorded",NA,3.90000009536743,4.30000019073486,"Yes",NA,NA,NA,NA
NA,NA,2003-12-07 10:30:00,"Yuba River","Yuba River","Continue trapping","Not recorded","Not recorded",NA,2.40000009536743,4.90000009536743,"Yes",NA,NA,NA,NA
NA,NA,2003-12-08 10:30:00,"Yuba River","Yuba River","Continue trapping","Not recorded","Not recorded",NA,4.5,4.59999990463257,"Yes",NA,NA,NA,NA
NA,NA,2003-12-09 10:00:00,"Yuba River","Yuba River","Continue trapping","Not recorded","Not recorded",NA,4.69999980926514,4.40000009536743,"Yes",NA,NA,NA,NA
NA,NA,2003-12-10 09:45:00,"Yuba River","Yuba River","Continue trapping","Not recorded","Not recorded",NA,5.5,5.5,"Yes",NA,NA,NA,NA
NA,NA,2003-12-11 10:30:00,"Yuba River","Yuba River","Continue trapping","Not recorded","Not recorded",NA,5.51999998092651,6,"Yes",NA,NA,NA,NA
NA,NA,2003-12-12 10:50:00,"Yuba River","Yuba River","Continue trapping","Not recorded","Not recorded",NA,5.59999990463257,5.30000019073486,"Yes",NA,NA,NA,NA
NA,NA,2003-12-13 14:00:00,"Yuba River","Yuba River","Continue trapping","Not recorded","Not recorded",NA,NA,NA,"Yes",NA,NA,NA,NA
NA,NA,2003-12-14 10:00:00,"Yuba River","Yuba River","Continue trapping","Not recorded","Not recorded",NA,3,3,"Yes",NA,NA,NA,NA
NA,NA,2003-12-15 13:00:00,"Yuba River","Yuba River","Continue trapping","Not recorded","Not recorded",NA,2.20000004768372,2.20000004768372,"Yes",NA,NA,NA,NA
NA,NA,2003-12-16 09:30:00,"Yuba River","Yuba River","Continue trapping","Not recorded","Not recorded",NA,2.29999995231628,2.20000004768372,"Yes",NA,NA,NA,NA
NA,NA,2003-12-17 08:30:00,"Yuba River","Yuba River","Continue trapping","Not recorded","Not recorded",NA,1.10000002384186,1,"Yes",NA,NA,NA,NA
NA,NA,2003-12-18 10:40:00,"Yuba River","Yuba River","Continue trapping","Not recorded","Not recorded",NA,0.300000011920929,0.300000011920929,"Yes",NA,NA,NA,NA
NA,NA,2009-06-13 00:00:00,"Hallwood","Hallwood 1 RR","End trapping","Not recorded","Not recorded",NA,NA,NA,"Yes",NA,0,12,2.35999989509583
NA,NA,2009-06-14 00:00:00,"Hallwood","Hallwood 1 RR","End trapping","Not recorded","Not recorded",NA,NA,NA,"Yes",NA,NA,13.5,1.62999999523163
NA,NA,2009-06-18 10:21:00,"Hallwood","Hallwood 1 RR","Continue trapping","Not recorded","Not recorded",NA,3.09999990463257,3.20000004768372,"Yes",NA,NA,NA,NA
NA,NA,2009-06-19 09:55:00,"Hallwood","Hallwood 1 RR","Continue trapping","Not recorded","Not recorded",NA,2.59999990463257,3,"Yes",NA,NA,NA,NA
NA,NA,2009-06-20 10:07:00,"Hallwood","Hallwood 1 RR","Continue trapping","Not recorded","Not recorded",NA,2.70000004768372,2.29999995231628,"Yes",NA,NA,NA,NA
NA,NA,2009-06-21 10:19:00,"Hallwood","Hallwood 1 RR","Continue trapping","Not recorded","Not recorded",NA,2.40000009536743,2.5,"Yes",NA,NA,NA,NA
NA,NA,2009-06-22 09:50:00,"Hallwood","Hallwood 1 RR","Continue trapping","Not recorded","Not recorded",NA,1.79999995231628,0.600000023841858,"Yes",NA,NA,NA,NA
NA,NA,2009-06-23 11:10:00,"Hallwood","Hallwood 1 RR","Continue trapping","Not recorded","Not recorded",NA,1.39999997615814,2,"Yes",NA,NA,NA,NA
NA,NA,2009-06-24 08:33:00,"Hallwood","Hallwood 1 RR","Continue trapping","Not recorded","Not recorded",NA,2,2,"Yes",NA,NA,NA,NA
NA,NA,2009-06-25 08:30:00,"Hallwood","Hallwood 1 RR","Continue trapping","Not recorded","Not recorded",NA,2,2.40000009536743,"Yes",NA,NA,NA,NA
NA,NA,2009-06-26 09:55:00,"Hallwood","Hallwood 1 RR","Continue trapping","Not recorded","Not recorded",NA,1.89999997615814,2.5,"Yes",NA,NA,NA,NA
NA,NA,2009-06-27 10:16:00,"Hallwood","Hallwood 1 RR","Continue trapping","Not recorded","Not recorded",NA,2.20000004768372,2.09999990463257,"Yes",NA,NA,NA,NA
NA,NA,2009-06-28 11:48:00,"Hallwood","Hallwood 1 RR","Continue trapping","Not recorded","Not recorded",NA,2,2.5,"Yes",NA,NA,NA,NA
NA,NA,2009-06-29 09:01:00,"Hallwood","Hallwood 1 RR","Continue trapping","Not recorded","Not recorded",NA,2,2,"Yes",NA,NA,NA,NA
NA,NA,2009-06-30 09:35:00,"Hallwood","Hallwood 1 RR","Continue trapping","Not recorded","Not recorded",NA,2,NA,"Yes",NA,NA,NA,NA
NA,NA,2009-07-01 09:58:00,"Hallwood","Hallwood 1 RR","Continue trapping","Not recorded","Not recorded",NA,2.40000009536743,3.40000009536743,"Yes",NA,NA,NA,NA
NA,NA,2009-07-02 08:44:00,"Hallwood","Hallwood 1 RR","Continue trapping","Not recorded","Not recorded",NA,2.90000009536743,3.20000004768372,"Yes",NA,NA,NA,NA
NA,NA,2009-07-03 09:32:00,"Hallwood","Hallwood 1 RR","Continue trapping","Not recorded","Not recorded",NA,2.09999990463257,1.70000004768372,"Yes",NA,NA,NA,NA
NA,NA,2009-07-04 10:30:00,"Hallwood","Hallwood 1 RR","Continue trapping","Not recorded","Not recorded",NA,3,1.5,"Yes",NA,NA,NA,NA
NA,NA,2009-07-05 09:49:00,"Hallwood","Hallwood 1 RR","Continue trapping","Not recorded","Not recorded",NA,3,3,"Yes",NA,NA,NA,NA
NA,NA,2009-07-06 09:10:00,"Hallwood","Hallwood 1 RR","Continue trapping","Not recorded","Not recorded",NA,2.70000004768372,2.90000009536743,"Yes",NA,NA,NA,NA
NA,NA,2009-07-08 09:45:00,"Hallwood","Hallwood 1 RR","Continue trapping","Not recorded","Not recorded",NA,2.59999990463257,2.79999995231628,"Yes",NA,NA,NA,NA
NA,NA,2009-07-09 08:59:00,"Hallwood","Hallwood 1 RR","Continue trapping","Not recorded","Not recorded",NA,2.20000004768372,3.09999990463257,"Yes",NA,NA,NA,NA
NA,NA,2009-07-10 09:25:00,"Hallwood","Hallwood 1 RR","Continue trapping","Not recorded","Not recorded",NA,2.20000004768372,3.40000009536743,"Yes",NA,NA,NA,NA
NA,NA,2009-07-11 10:59:00,"Hallwood","Hallwood 1 RR","Continue trapping","Not recorded","Not recorded",NA,2.09999990463257,3.09999990463257,"Yes",NA,NA,NA,NA
NA,NA,2009-07-12 10:41:00,"Hallwood","Hallwood 1 RR","Continue trapping","Not recorded","Not recorded",NA,3,3.29999995231628,"Yes",NA,NA,NA,NA
NA,NA,2009-07-13 09:12:00,"Hallwood","Hallwood 1 RR","Continue trapping","Not recorded","Not recorded",NA,3.09999990463257,3.5,"Yes",NA,NA,NA,NA
NA,NA,2009-07-14 10:07:00,"Hallwood","Hallwood 1 RR","Continue trapping","Not recorded","Not recorded",NA,1.29999995231628,1.39999997615814,"Yes",NA,NA,NA,NA
NA,NA,2009-07-15 09:23:00,"Hallwood","Hallwood 1 RR","Continue trapping","Not recorded","Not recorded",NA,2.59999990463257,3.20000004768372,"Yes",NA,NA,NA,NA
NA,NA,2009-07-16 09:05:00,"Hallwood","Hallwood 1 RR","Continue trapping","Not recorded","Not recorded",NA,2.70000004768372,3,"Yes",NA,NA,NA,NA
NA,NA,2009-07-17 08:55:00,"Hallwood","Hallwood 1 RR","Continue trapping","Not recorded","Not recorded",NA,3,3.20000004768372,"Yes",NA,NA,NA,NA
NA,NA,2009-07-18 09:25:00,"Hallwood","Hallwood 1 RR","Continue trapping","Not recorded","Not recorded",NA,3.20000004768372,3.20000004768372,"Yes",NA,NA,NA,NA
NA,NA,2009-07-19 10:00:00,"Hallwood","Hallwood 1 RR","Continue trapping","Not recorded","Not recorded",NA,3.40000009536743,3.40000009536743,"Yes",NA,NA,NA,NA
NA,NA,2009-07-22 08:50:00,"Hallwood","Hallwood 1 RR","Continue trapping","Not recorded","Not recorded",NA,2.79999995231628,3.40000009536743,"Yes",NA,NA,NA,NA
NA,NA,2009-07-24 08:44:00,"Hallwood","Hallwood 1 RR","Continue trapping","Not recorded","Not recorded",NA,3.09999990463257,3.20000004768372,"Yes",NA,NA,NA,NA
NA,NA,2009-07-25 09:27:00,"Hallwood","Hallwood 1 RR","Continue trapping","Not recorded","Not recorded",NA,2.70000004768372,3.09999990463257,"Yes",NA,NA,NA,NA
NA,NA,2009-07-27 09:52:00,"Hallwood","Hallwood 1 RR","Continue trapping","Not recorded","Not recorded",NA,3.20000004768372,3.29999995231628,"Yes",NA,NA,NA,NA
NA,NA,2009-08-02 10:29:00,"Hallwood","Hallwood 1 RR","Continue trapping","Not recorded","Not recorded",NA,3,3.67000007629395,"Yes",NA,NA,NA,NA
NA,NA,2009-08-03 10:05:00,"Hallwood","Hallwood 1 RR","Continue trapping","Not recorded","Not recorded",NA,3,3,"Yes",NA,NA,NA,NA
NA,NA,2009-08-05 08:50:00,"Hallwood","Hallwood 1 RR","Continue trapping","Not recorded","Not recorded",NA,3.09999990463257,3.40000009536743,"Yes",NA,NA,NA,NA
NA,NA,2009-08-07 08:40:00,"Hallwood","Hallwood 1 RR","Continue trapping","Not recorded","Not recorded",NA,3.09999990463257,3.20000004768372,"Yes",NA,NA,NA,NA
NA,NA,2005-04-26 09:30:00,"Hallwood","Hallwood 2 RL","Continue trapping","Not recorded","Not recorded",NA,3,3,"Yes",NA,NA,NA,NA
NA,NA,2005-04-27 10:00:00,"Hallwood","Hallwood 2 RL","Continue trapping","Not recorded","Not recorded",NA,3.09999990463257,3.59999990463257,"Yes",NA,NA,NA,NA
NA,NA,2005-04-28 09:30:00,"Hallwood","Hallwood 2 RL","Continue trapping","Not recorded","Not recorded",NA,4.19999980926514,4.19999980926514,"Yes",NA,NA,NA,NA
NA,NA,2005-04-29 09:30:00,"Hallwood","Hallwood 2 RL","Continue trapping","Not recorded","Not recorded",NA,3.79999995231628,3.79999995231628,"Yes",NA,NA,NA,NA
NA,NA,2005-04-30 10:00:00,"Hallwood","Hallwood 2 RL","Continue trapping","Not recorded","Not recorded",NA,0,3.40000009536743,"Yes",NA,NA,NA,NA
NA,NA,2005-05-01 11:00:00,"Hallwood","Hallwood 2 RL","Continue trapping","Not recorded","Not recorded",NA,3.29999995231628,3.5,"Yes",NA,NA,NA,NA
NA,NA,2005-05-02 09:30:00,"Hallwood","Hallwood 2 RL","Continue trapping","Not recorded","Not recorded",NA,3.09999990463257,3.09999990463257,"Yes",NA,NA,NA,NA
NA,NA,2005-05-03 09:30:00,"Hallwood","Hallwood 2 RL","Continue trapping","Not recorded","Not recorded",NA,3.40000009536743,3.70000004768372,"Yes",NA,NA,NA,NA
NA,NA,2005-05-04 10:20:00,"Hallwood","Hallwood 2 RL","Continue trapping","Not recorded","Not recorded",NA,3,3,"Yes",NA,NA,NA,NA
NA,NA,2005-05-05 09:30:00,"Hallwood","Hallwood 2 RL","Continue trapping","Not recorded","Not recorded",NA,3.29999995231628,3.5,"Yes",NA,NA,NA,NA
NA,NA,2005-05-06 09:30:00,"Hallwood","Hallwood 2 RL","Continue trapping","Not recorded","Not recorded",NA,3.40000009536743,3.40000009536743,"Yes",NA,NA,NA,NA
NA,NA,2005-05-07 09:30:00,"Hallwood","Hallwood 2 RL","Continue trapping","Not recorded","Not recorded",NA,3.40000009536743,3.29999995231628,"Yes",NA,NA,NA,NA
NA,NA,2005-05-08 11:00:00,"Hallwood","Hallwood 2 RL","Continue trapping","Not recorded","Not recorded",NA,3.40000009536743,3.5,"Yes",NA,NA,NA,NA
NA,NA,2005-05-09 10:00:00,"Hallwood","Hallwood 2 RL","Continue trapping","Not recorded","Not recorded",NA,4,4,"Yes",NA,NA,NA,NA
NA,NA,2005-05-10 10:30:00,"Hallwood","Hallwood 2 RL","Continue trapping","Not recorded","Not recorded",NA,4.09999990463257,4.69999980926514,"Yes",NA,NA,NA,NA
NA,NA,2005-05-11 10:00:00,"Hallwood","Hallwood 2 RL","Continue trapping","Not recorded","Not recorded",NA,4.80000019073486,4.30000019073486,"Yes",NA,NA,NA,NA
NA,NA,2005-05-12 11:50:00,"Hallwood","Hallwood 2 RL","Continue trapping","Not recorded","Not recorded",NA,4.90000009536743,5,"Yes",NA,NA,NA,NA
NA,NA,2005-05-13 09:30:00,"Hallwood","Hallwood 2 RL","Continue trapping","Not recorded","Not recorded",NA,4.30000019073486,4.30000019073486,"Yes",NA,NA,NA,NA
NA,NA,2005-05-14 11:30:00,"Hallwood","Hallwood 2 RL","Continue trapping","Not recorded","Not recorded",NA,4.40000009536743,4.40000009536743,"Yes",NA,NA,NA,NA
NA,NA,2005-05-15 12:00:00,"Hallwood","Hallwood 2 RL","Continue trapping","Not recorded","Not recorded",NA,4.30000019073486,4.40000009536743,"Yes",NA,NA,NA,NA
NA,NA,2005-05-16 10:30:00,"Hallwood","Hallwood 2 RL","Continue trapping","Not recorded","Not recorded",NA,4.09999990463257,4.40000009536743,"Yes",NA,NA,NA,NA
NA,NA,2005-05-17 10:30:00,"Hallwood","Hallwood 2 RL","Continue trapping","Not recorded","Not recorded",NA,4.09999990463257,4.30000019073486,"Yes",NA,NA,NA,NA
NA,NA,2005-05-18 10:30:00,"Hallwood","Hallwood 2 RL","Continue trapping","Not recorded","Not recorded",NA,3.59999990463257,2.90000009536743,"Yes",NA,NA,NA,NA
NA,NA,2005-05-28 09:30:00,"Hallwood","Hallwood 2 RL","Continue trapping","Not recorded","Not recorded",NA,3.70000004768372,3.70000004768372,"Yes",NA,NA,NA,NA
NA,NA,2005-05-29 12:30:00,"Hallwood","Hallwood 2 RL","Continue trapping","Not recorded","Not recorded",NA,2.70000004768372,2.70000004768372,"Yes",NA,NA,NA,NA
NA,NA,2005-05-30 09:30:00,"Hallwood","Hallwood 2 RL","Continue trapping","Not recorded","Not recorded",NA,3.09999990463257,3.09999990463257,"Yes",NA,NA,NA,NA
NA,NA,2005-05-31 09:30:00,"Hallwood","Hallwood 2 RL","Continue trapping","Not recorded","Not recorded",NA,2.5,NA,"Yes",NA,NA,NA,NA
NA,NA,2005-06-01 09:30:00,"Hallwood","Hallwood 2 RL","Continue trapping","Not recorded","Not recorded",NA,3.79999995231628,3.79999995231628,"Yes",NA,NA,NA,NA
NA,NA,2005-06-02 10:30:00,"Hallwood","Hallwood 2 RL","Continue trapping","Not recorded","Not recorded",NA,4.09999990463257,NA,"Yes",NA,NA,NA,NA
NA,NA,2005-06-03 09:00:00,"Hallwood","Hallwood 2 RL","Continue trapping","Not recorded","Not recorded",NA,3,NA,"Yes",NA,NA,NA,NA
NA,NA,2005-06-05 14:15:00,"Hallwood","Hallwood 2 RL","Continue trapping","Not recorded","Not recorded",NA,4.69999980926514,4.69999980926514,"Yes",NA,NA,NA,NA
NA,NA,2005-06-06 09:30:00,"Hallwood","Hallwood 2 RL","Continue trapping","Not recorded","Not recorded",NA,4.19999980926514,4.19999980926514,"Yes",NA,NA,NA,NA
NA,NA,2005-06-07 10:00:00,"Hallwood","Hallwood 2 RL","Continue trapping","Not recorded","Not recorded",NA,4.80000019073486,4.90000009536743,"Yes",NA,NA,NA,NA
NA,NA,2005-06-08 10:30:00,"Hallwood","Hallwood 2 RL","Continue trapping","Not recorded","Not recorded",NA,3.79999995231628,3.79999995231628,"Yes",NA,NA,NA,NA
NA,NA,2005-06-09 09:30:00,"Hallwood","Hallwood 2 RL","Continue trapping","Not recorded","Not recorded",NA,4.90000009536743,NA,"Yes",NA,NA,NA,NA
NA,NA,2005-06-10 08:30:00,"Hallwood","Hallwood 2 RL","Continue trapping","Not recorded","Not recorded",NA,4.19999980926514,4.19999980926514,"Yes",NA,NA,NA,NA
NA,NA,2005-06-11 13:30:00,"Hallwood","Hallwood 2 RL","Continue trapping","Not recorded","Not recorded",NA,4.19999980926514,4.19999980926514,"Yes",NA,NA,NA,NA
NA,NA,2005-06-12 14:00:00,"Hallwood","Hallwood 2 RL","Continue trapping","Not recorded","Not recorded",NA,4.09999990463257,4.09999990463257,"Yes",NA,NA,NA,NA
NA,NA,2005-06-13 10:00:00,"Hallwood","Hallwood 2 RL","Continue trapping","Not recorded","Not recorded",NA,4.19999980926514,4.19999980926514,"Yes",NA,NA,NA,NA
NA,NA,2005-06-15 10:00:00,"Hallwood","Hallwood 2 RL","Continue trapping","Not recorded","Not recorded",NA,4.30000019073486,4.30000019073486,"Yes",NA,NA,NA,NA
NA,NA,2005-06-16 10:00:00,"Hallwood","Hallwood 2 RL","Continue trapping","Not recorded","Not recorded",NA,4.19999980926514,4.19999980926514,"Yes",NA,NA,NA,NA
NA,NA,2005-06-17 10:00:00,"Hallwood","Hallwood 2 RL","Continue trapping","Not recorded","Not recorded",NA,4,4.40000009536743,"Yes",NA,NA,NA,NA
NA,NA,2005-06-18 13:30:00,"Hallwood","Hallwood 2 RL","Continue trapping","Not recorded","Not recorded",NA,4.09999990463257,4.09999990463257,"Yes",NA,NA,NA,NA
NA,NA,2005-06-19 12:00:00,"Hallwood","Hallwood 2 RL","Continue trapping","Not recorded","Not recorded",NA,3.20000004768372,3.20000004768372,"Yes",NA,NA,NA,NA
NA,NA,2006-02-17 09:00:00,"Hallwood","Hallwood 2 RL","Continue trapping","Not recorded","Not recorded",NA,5.09999990463257,5.09999990463257,"Yes",NA,NA,NA,NA
NA,NA,2006-02-18 10:30:00,"Hallwood","Hallwood 2 RL","Continue trapping","Not recorded","Not recorded",NA,4.69999980926514,4.69999980926514,"Yes",NA,NA,NA,NA
NA,NA,2006-02-19 12:00:00,"Hallwood","Hallwood 2 RL","Continue trapping","Not recorded","Not recorded",NA,4.59999990463257,4.59999990463257,"Yes",NA,NA,NA,NA
NA,NA,2006-02-20 09:30:00,"Hallwood","Hallwood 2 RL","Continue trapping","Not recorded","Not recorded",NA,4.59999990463257,4.59999990463257,"Yes",NA,NA,NA,NA
NA,NA,2006-02-21 09:30:00,"Hallwood","Hallwood 2 RL","Continue trapping","Not recorded","Not recorded",NA,4.59999990463257,4.59999990463257,"Yes",NA,NA,NA,NA
NA,NA,2006-02-22 09:30:00,"Hallwood","Hallwood 2 RL","Continue trapping","Not recorded","Not recorded",NA,4.90000009536743,4.90000009536743,"Yes",NA,NA,NA,NA
NA,NA,2006-02-23 10:00:00,"Hallwood","Hallwood 2 RL","Continue trapping","Not recorded","Not recorded",NA,4.40000009536743,4.40000009536743,"Yes",NA,NA,NA,NA
NA,NA,2006-02-24 10:30:00,"Hallwood","Hallwood 2 RL","Continue trapping","Not recorded","Not recorded",NA,5,5,"Yes",NA,NA,NA,NA
NA,NA,2006-02-25 11:00:00,"Hallwood","Hallwood 2 RL","Continue trapping","Not recorded","Not recorded",NA,4.19999980926514,4.19999980926514,"Yes",NA,NA,NA,NA
NA,NA,2006-02-26 13:00:00,"Hallwood","Hallwood 2 RL","Continue trapping","Not recorded","Not recorded",NA,5,5,"Yes",NA,NA,NA,NA
NA,NA,2006-02-27 10:00:00,"Hallwood","Hallwood 2 RL","Continue trapping","Not recorded","Not recorded",NA,NA,NA,"Yes",NA,NA,NA,NA
NA,NA,2006-03-09 09:30:00,"Hallwood","Hallwood 2 RL","Continue trapping","Not recorded","Not recorded",NA,4.09999990463257,4.09999990463257,"Yes",NA,NA,NA,NA
NA,NA,2006-03-10 09:30:00,"Hallwood","Hallwood 2 RL","Continue trapping","Not recorded","Not recorded",NA,4.30000019073486,4.30000019073486,"Yes",NA,NA,NA,NA
NA,NA,2006-03-11 12:00:00,"Hallwood","Hallwood 2 RL","Continue trapping","Not recorded","Not recorded",NA,3.29999995231628,3.29999995231628,"Yes",NA,NA,NA,NA
NA,NA,2006-03-12 12:00:00,"Hallwood","Hallwood 2 RL","Continue trapping","Not recorded","Not recorded",NA,4.19999980926514,4.19999980926514,"Yes",NA,NA,NA,NA
NA,NA,2006-03-13 09:30:00,"Hallwood","Hallwood 2 RL","Continue trapping","Not recorded","Not recorded",NA,4,4,"Yes",NA,NA,NA,NA
NA,NA,2006-03-14 09:30:00,"Hallwood","Hallwood 2 RL","Continue trapping","Not recorded","Not recorded",NA,5.26999998092651,5.26999998092651,"Yes",NA,NA,NA,NA
NA,NA,2006-03-15 09:30:00,"Hallwood","Hallwood 2 RL","Continue trapping","Not recorded","Not recorded",NA,4,4,"Yes",NA,NA,NA,NA
NA,NA,2006-03-16 10:30:00,"Hallwood","Hallwood 2 RL","Continue trapping","Not recorded","Not recorded",NA,3.40000009536743,3.40000009536743,"Yes",NA,NA,NA,NA
NA,NA,2006-03-17 09:00:00,"Hallwood","Hallwood 2 RL","Continue trapping","Not recorded","Not recorded",NA,3.59999990463257,3.59999990463257,"Yes",NA,NA,NA,NA
NA,NA,2006-03-18 12:15:00,"Hallwood","Hallwood 2 RL","Continue trapping","Not recorded","Not recorded",NA,4.59999990463257,4.59999990463257,"Yes",NA,NA,NA,NA
NA,NA,2006-03-19 13:00:00,"Hallwood","Hallwood 2 RL","Continue trapping","Not recorded","Not recorded",NA,5,5,"Yes",NA,NA,NA,NA
NA,NA,2006-03-20 09:30:00,"Hallwood","Hallwood 2 RL","Continue trapping","Not recorded","Not recorded",NA,3.70000004768372,3.70000004768372,"Yes",NA,NA,NA,NA
NA,NA,2006-03-21 09:30:00,"Hallwood","Hallwood 2 RL","Continue trapping","Not recorded","Not recorded",NA,4.19999980926514,4.19999980926514,"Yes",NA,NA,NA,NA
NA,NA,2006-03-22 09:30:00,"Hallwood","Hallwood 2 RL","Continue trapping","Not recorded","Not recorded",NA,5.5,5.5,"Yes",NA,NA,NA,NA
NA,NA,2006-03-23 10:00:00,"Hallwood","Hallwood 2 RL","Continue trapping","Not recorded","Not recorded",NA,4.80000019073486,4.80000019073486,"Yes",NA,NA,NA,NA
NA,NA,2006-03-24 09:30:00,"Hallwood","Hallwood 2 RL","Continue trapping","Not recorded","Not recorded",NA,4.5,4.5,"Yes",NA,NA,NA,NA
NA,NA,2006-03-27 10:00:00,"Hallwood","Hallwood 2 RL","Unplanned restart","Not recorded","Not recorded",NA,3,3,"Yes",NA,NA,NA,NA
NA,NA,2006-03-28 09:30:00,"Hallwood","Hallwood 2 RL","Continue trapping","Not recorded","Not recorded",NA,2.59999990463257,2.59999990463257,"Yes",NA,NA,NA,NA
NA,NA,2006-03-29 09:30:00,"Hallwood","Hallwood 2 RL","Continue trapping","Not recorded","Not recorded",NA,2.40000009536743,2.40000009536743,"Yes",NA,NA,NA,NA
NA,NA,2006-03-30 09:30:00,"Hallwood","Hallwood 2 RL","Continue trapping","Not recorded","Not recorded",NA,3.09999990463257,3.09999990463257,"Yes",NA,NA,NA,NA
NA,NA,2006-03-31 09:45:00,"Hallwood","Hallwood 2 RL","Continue trapping","Not recorded","Not recorded",NA,4.5,4.5,"Yes",NA,NA,NA,NA
NA,NA,2006-04-01 10:00:00,"Hallwood","Hallwood 2 RL","Continue trapping","Not recorded","Not recorded",NA,1.20000004768372,1.20000004768372,"Yes",NA,NA,NA,NA
NA,NA,2006-04-02 13:00:00,"Hallwood","Hallwood 2 RL","Continue trapping","Not recorded","Not recorded",NA,2.20000004768372,2.20000004768372,"Yes",NA,NA,NA,NA
NA,NA,2006-04-03 09:30:00,"Hallwood","Hallwood 2 RL","End trapping","Not recorded","Not recorded",NA,NA,NA,"Yes",NA,NA,NA,NA
NA,NA,2006-04-11 10:00:00,"Hallwood","Hallwood 2 RL","End trapping","Not recorded","Not recorded",NA,4.40000009536743,NA,"Yes",NA,NA,NA,NA
NA,NA,2006-04-22 13:00:00,"Hallwood","Hallwood 2 RL","End trapping","Not recorded","Not recorded",NA,NA,NA,"Yes",NA,NA,NA,NA
NA,NA,2007-01-18 09:00:00,"Hallwood","Hallwood 2 RL","Continue trapping","Not recorded","Not recorded",NA,1.20000004768372,1.20000004768372,"Yes",NA,NA,NA,NA
NA,NA,2007-01-19 08:00:00,"Hallwood","Hallwood 2 RL","Continue trapping","Not recorded","Not recorded",NA,1.20000004768372,1.20000004768372,"Yes",NA,NA,NA,NA
NA,NA,2007-01-20 11:30:00,"Hallwood","Hallwood 2 RL","Continue trapping","Not recorded","Not recorded",NA,1.10000002384186,1.10000002384186,"Yes",NA,NA,NA,NA
NA,NA,2007-01-21 09:30:00,"Hallwood","Hallwood 2 RL","Continue trapping","Not recorded","Not recorded",NA,1.29999995231628,1.29999995231628,"Yes",NA,NA,NA,NA
NA,NA,2007-01-22 09:30:00,"Hallwood","Hallwood 2 RL","Continue trapping","Not recorded","Not recorded",NA,1.60000002384186,1.60000002384186,"Yes",NA,NA,NA,NA
NA,NA,2007-01-23 08:00:00,"Hallwood","Hallwood 2 RL","Continue trapping","Not recorded","Not recorded",NA,0.800000011920929,0.800000011920929,"Yes",NA,NA,NA,NA
NA,NA,2007-01-24 09:30:00,"Hallwood","Hallwood 2 RL","Continue trapping","Not recorded","Not recorded",NA,1,1,"Yes",NA,NA,NA,NA
NA,NA,2007-01-25 09:30:00,"Hallwood","Hallwood 2 RL","Continue trapping","Not recorded","Not recorded",NA,1.60000002384186,1.60000002384186,"Yes",NA,NA,NA,NA
NA,NA,2007-01-26 09:00:00,"Hallwood","Hallwood 2 RL","Continue trapping","Not recorded","Not recorded",NA,1.20000004768372,1.20000004768372,"Yes",NA,NA,NA,NA
NA,NA,2007-01-27 09:30:00,"Hallwood","Hallwood 2 RL","Continue trapping","Not recorded","Not recorded",NA,1.20000004768372,1.20000004768372,"Yes",NA,NA,NA,NA
NA,NA,2007-01-28 10:30:00,"Hallwood","Hallwood 2 RL","Continue trapping","Not recorded","Not recorded",NA,1.5,1.5,"Yes",NA,NA,NA,NA
NA,NA,2007-01-29 10:00:00,"Hallwood","Hallwood 2 RL","Continue trapping","Not recorded","Not recorded",NA,1.60000002384186,1.60000002384186,"Yes",NA,NA,NA,NA
NA,NA,2007-01-30 09:30:00,"Hallwood","Hallwood 2 RL","Continue trapping","Not recorded","Not recorded",NA,0.850000023841858,0.850000023841858,"Yes",NA,NA,NA,NA
NA,NA,2007-01-31 09:00:00,"Hallwood","Hallwood 2 RL","Continue trapping","Not recorded","Not recorded",NA,0.800000011920929,0.800000011920929,"Yes",NA,NA,NA,NA
NA,NA,2007-02-01 09:30:00,"Hallwood","Hallwood 2 RL","Continue trapping","Not recorded","Not recorded",NA,0.800000011920929,0.800000011920929,"Yes",NA,NA,NA,NA
NA,NA,2007-02-02 11:00:00,"Hallwood","Hallwood 2 RL","Continue trapping","Not recorded","Not recorded",NA,0.800000011920929,0.800000011920929,"Yes",NA,NA,NA,NA
NA,NA,2007-02-03 10:15:00,"Hallwood","Hallwood 2 RL","Continue trapping","Not recorded","Not recorded",NA,0.899999976158142,0.899999976158142,"Yes",NA,NA,NA,NA
NA,NA,2007-02-04 10:00:00,"Hallwood","Hallwood 2 RL","Continue trapping","Not recorded","Not recorded",NA,0.800000011920929,0.800000011920929,"Yes",NA,NA,NA,NA
NA,NA,2007-02-05 09:00:00,"Hallwood","Hallwood 2 RL","Continue trapping","Not recorded","Not recorded",NA,0.800000011920929,0.800000011920929,"Yes",NA,NA,NA,NA
NA,NA,2007-02-06 09:30:00,"Hallwood","Hallwood 2 RL","Continue trapping","Not recorded","Not recorded",NA,0.800000011920929,0.800000011920929,"Yes",NA,NA,NA,NA
NA,NA,2007-02-07 09:00:00,"Hallwood","Hallwood 2 RL","Continue trapping","Not recorded","Not recorded",NA,0.800000011920929,0.800000011920929,"Yes",NA,NA,NA,NA
NA,NA,2007-02-08 08:30:00,"Hallwood","Hallwood 2 RL","Continue trapping","Not recorded","Not recorded",NA,1.20000004768372,1.20000004768372,"Yes",NA,NA,NA,NA
NA,NA,2007-02-09 09:30:00,"Hallwood","Hallwood 2 RL","Continue trapping","Not recorded","Not recorded",NA,1.20000004768372,1.20000004768372,"Yes",NA,NA,NA,NA
NA,NA,2007-02-10 09:30:00,"Hallwood","Hallwood 2 RL","Continue trapping","Not recorded","Not recorded",NA,0,1,"Yes",NA,NA,NA,NA
NA,NA,2007-02-11 15:00:00,"Hallwood","Hallwood 2 RL","Continue trapping","Not recorded","Not recorded",NA,1.10000002384186,1.10000002384186,"Yes",NA,NA,NA,NA
NA,NA,2007-02-12 11:30:00,"Hallwood","Hallwood 2 RL","Continue trapping","Not recorded","Not recorded",NA,1,1,"Yes",NA,NA,NA,NA
NA,NA,2007-02-13 09:00:00,"Hallwood","Hallwood 2 RL","Continue trapping","Not recorded","Not recorded",NA,1.60000002384186,1.60000002384186,"Yes",NA,NA,NA,NA
NA,NA,2007-02-14 10:00:00,"Hallwood","Hallwood 2 RL","Continue trapping","Not recorded","Not recorded",NA,2.5,2.5,"Yes",NA,NA,NA,NA
NA,NA,2007-02-15 10:00:00,"Hallwood","Hallwood 2 RL","Continue trapping","Not recorded","Not recorded",NA,2.29999995231628,2.29999995231628,"Yes",NA,NA,NA,NA
NA,NA,2007-02-16 10:00:00,"Hallwood","Hallwood 2 RL","Continue trapping","Not recorded","Not recorded",NA,2.09999990463257,2.09999990463257,"Yes",NA,NA,NA,NA
NA,NA,2007-02-17 11:00:00,"Hallwood","Hallwood 2 RL","Continue trapping","Not recorded","Not recorded",NA,2.25,2.25,"Yes",NA,NA,NA,NA
NA,NA,2007-02-18 10:00:00,"Hallwood","Hallwood 2 RL","Continue trapping","Not recorded","Not recorded",NA,2.09999990463257,2.09999990463257,"Yes",NA,NA,NA,NA
NA,NA,2007-02-19 09:30:00,"Hallwood","Hallwood 2 RL","Continue trapping","Not recorded","Not recorded",NA,2,2,"Yes",NA,NA,NA,NA
NA,NA,2007-02-20 09:30:00,"Hallwood","Hallwood 2 RL","Continue trapping","Not recorded","Not recorded",NA,2,2,"Yes",NA,NA,NA,NA
NA,NA,2007-02-21 09:30:00,"Hallwood","Hallwood 2 RL","Continue trapping","Not recorded","Not recorded",NA,2.14000010490417,2.14000010490417,"Yes",NA,NA,NA,NA
NA,NA,2007-02-22 13:00:00,"Hallwood","Hallwood 2 RL","Continue trapping","Not recorded","Not recorded",NA,2.5,2.5,"Yes",NA,NA,NA,NA
NA,NA,2007-02-23 12:00:00,"Hallwood","Hallwood 2 RL","Continue trapping","Not recorded","Not recorded",NA,2.40000009536743,2.40000009536743,"Yes",NA,NA,NA,NA
NA,NA,2007-02-24 11:00:00,"Hallwood","Hallwood 2 RL","Continue trapping","Not recorded","Not recorded",NA,2.90000009536743,2.90000009536743,"Yes",NA,NA,NA,NA
NA,NA,2007-02-25 11:00:00,"Hallwood","Hallwood 2 RL","Continue trapping","Not recorded","Not recorded",NA,2.09999990463257,2.09999990463257,"Yes",NA,NA,NA,NA
NA,NA,2007-02-26 13:00:00,"Hallwood","Hallwood 2 RL","Continue trapping","Not recorded","Not recorded",NA,4,4,"Yes",NA,NA,NA,NA
NA,NA,2007-02-27 10:00:00,"Hallwood","Hallwood 2 RL","Continue trapping","Not recorded","Not recorded",NA,4.30000019073486,4.30000019073486,"Yes",NA,NA,NA,NA
NA,NA,2007-02-28 11:00:00,"Hallwood","Hallwood 2 RL","Continue trapping","Not recorded","Not recorded",NA,3.75,3.75,"Yes",NA,NA,NA,NA
NA,NA,2007-03-01 13:30:00,"Hallwood","Hallwood 2 RL","Continue trapping","Not recorded","Not recorded",NA,3.5,3.5,"Yes",NA,NA,NA,NA
NA,NA,2007-03-02 11:00:00,"Hallwood","Hallwood 2 RL","Continue trapping","Not recorded","Not recorded",NA,2.70000004768372,2.70000004768372,"Yes",NA,NA,NA,NA
NA,NA,2007-03-03 10:45:00,"Hallwood","Hallwood 2 RL","Continue trapping","Not recorded","Not recorded",NA,1.79999995231628,1.79999995231628,"Yes",NA,NA,NA,NA
NA,NA,2007-03-04 10:30:00,"Hallwood","Hallwood 2 RL","Continue trapping","Not recorded","Not recorded",NA,1.89999997615814,1.89999997615814,"Yes",NA,NA,NA,NA
NA,NA,2007-03-05 11:00:00,"Hallwood","Hallwood 2 RL","Continue trapping","Not recorded","Not recorded",NA,2.5,2.5,"Yes",NA,NA,NA,NA
NA,NA,2007-03-06 09:00:00,"Hallwood","Hallwood 2 RL","Continue trapping","Not recorded","Not recorded",NA,2.59999990463257,2.59999990463257,"Yes",NA,NA,NA,NA
NA,NA,2007-03-07 11:00:00,"Hallwood","Hallwood 2 RL","Continue trapping","Not recorded","Not recorded",NA,2.70000004768372,2.70000004768372,"Yes",NA,NA,NA,NA
NA,NA,2007-03-08 09:30:00,"Hallwood","Hallwood 2 RL","Continue trapping","Not recorded","Not recorded",NA,2.5,NA,"Yes",NA,NA,NA,NA
NA,NA,2007-03-09 09:00:00,"Hallwood","Hallwood 2 RL","Continue trapping","Not recorded","Not recorded",NA,2.5,2.5,"Yes",NA,NA,NA,NA
NA,NA,2007-03-10 11:00:00,"Hallwood","Hallwood 2 RL","Continue trapping","Not recorded","Not recorded",NA,1.75,1.75,"Yes",NA,NA,NA,NA
NA,NA,2007-03-11 10:15:00,"Hallwood","Hallwood 2 RL","Continue trapping","Not recorded","Not recorded",NA,1.60000002384186,1.60000002384186,"Yes",NA,NA,NA,NA
NA,NA,2007-03-12 10:30:00,"Hallwood","Hallwood 2 RL","Continue trapping","Not recorded","Not recorded",NA,2.29999995231628,2.29999995231628,"Yes",NA,NA,NA,NA
NA,NA,2007-03-13 11:30:00,"Hallwood","Hallwood 2 RL","Continue trapping","Not recorded","Not recorded",NA,1.79999995231628,1.79999995231628,"Yes",NA,NA,NA,NA
NA,NA,2007-03-14 11:00:00,"Hallwood","Hallwood 2 RL","Continue trapping","Not recorded","Not recorded",NA,2.20000004768372,2.20000004768372,"Yes",NA,NA,NA,NA
NA,NA,2007-03-15 10:00:00,"Hallwood","Hallwood 2 RL","Continue trapping","Not recorded","Not recorded",NA,1.39999997615814,1.39999997615814,"Yes",NA,NA,NA,NA
NA,NA,2007-03-16 10:00:00,"Hallwood","Hallwood 2 RL","Continue trapping","Not recorded","Not recorded",NA,1.75,1.75,"Yes",NA,NA,NA,NA
NA,NA,2007-03-17 11:00:00,"Hallwood","Hallwood 2 RL","Continue trapping","Not recorded","Not recorded",NA,1.75,1.75,"Yes",NA,NA,NA,NA
NA,NA,2007-03-18 12:15:00,"Hallwood","Hallwood 2 RL","Continue trapping","Not recorded","Not recorded",NA,1.29999995231628,1.29999995231628,"Yes",NA,NA,NA,NA
NA,NA,2007-03-19 09:30:00,"Hallwood","Hallwood 2 RL","Continue trapping","Not recorded","Not recorded",NA,1.5,1.5,"Yes",NA,NA,NA,NA
NA,NA,2007-03-20 10:00:00,"Hallwood","Hallwood 2 RL","Continue trapping","Not recorded","Not recorded",NA,1.70000004768372,1.70000004768372,"Yes",NA,NA,NA,NA
NA,NA,2007-03-21 10:00:00,"Hallwood","Hallwood 2 RL","Continue trapping","Not recorded","Not recorded",NA,1.60000002384186,1.60000002384186,"Yes",NA,NA,NA,NA
NA,NA,2007-03-22 09:30:00,"Hallwood","Hallwood 2 RL","Continue trapping","Not recorded","Not recorded",NA,1.60000002384186,1.60000002384186,"Yes",NA,NA,NA,NA
NA,NA,2007-03-23 09:00:00,"Hallwood","Hallwood 2 RL","Continue trapping","Not recorded","Not recorded",NA,2,2,"Yes",NA,NA,NA,NA
NA,NA,2007-03-24 10:30:00,"Hallwood","Hallwood 2 RL","Continue trapping","Not recorded","Not recorded",NA,2.29999995231628,2.29999995231628,"Yes",NA,NA,NA,NA
NA,NA,2007-03-25 08:00:00,"Hallwood","Hallwood 2 RL","Continue trapping","Not recorded","Not recorded",NA,1.5,1.70000004768372,"Yes",NA,NA,NA,NA
NA,NA,2007-03-26 09:30:00,"Hallwood","Hallwood 2 RL","Continue trapping","Not recorded","Not recorded",NA,1.70000004768372,1.70000004768372,"Yes",NA,NA,NA,NA
NA,NA,2007-03-27 10:00:00,"Hallwood","Hallwood 2 RL","Continue trapping","Not recorded","Not recorded",NA,1.89999997615814,1.89999997615814,"Yes",NA,NA,NA,NA
NA,NA,2007-03-28 10:30:00,"Hallwood","Hallwood 2 RL","Continue trapping","Not recorded","Not recorded",NA,1.89999997615814,1.89999997615814,"Yes",NA,NA,NA,NA
NA,NA,2007-03-29 11:00:00,"Hallwood","Hallwood 2 RL","Continue trapping","Not recorded","Not recorded",NA,2.09999990463257,2.09999990463257,"Yes",NA,NA,NA,NA
NA,NA,2007-03-30 09:00:00,"Hallwood","Hallwood 2 RL","Continue trapping","Not recorded","Not recorded",NA,2.09999990463257,2.09999990463257,"Yes",NA,NA,NA,NA
NA,NA,2007-03-31 10:00:00,"Hallwood","Hallwood 2 RL","Continue trapping","Not recorded","Not recorded",NA,2,2,"Yes",NA,NA,NA,NA
NA,NA,2007-04-01 10:00:00,"Hallwood","Hallwood 2 RL","Continue trapping","Not recorded","Not recorded",NA,1.20000004768372,1.20000004768372,"Yes",NA,NA,NA,NA
NA,NA,2007-04-02 13:00:00,"Hallwood","Hallwood 2 RL","Continue trapping","Not recorded","Not recorded",NA,2.25,2.25,"Yes",NA,NA,NA,NA
NA,NA,2007-04-03 10:00:00,"Hallwood","Hallwood 2 RL","Continue trapping","Not recorded","Not recorded",NA,1.70000004768372,1.70000004768372,"Yes",NA,NA,NA,NA
NA,NA,2007-04-04 09:45:00,"Hallwood","Hallwood 2 RL","Continue trapping","Not recorded","Not recorded",NA,1.70000004768372,1.70000004768372,"Yes",NA,NA,NA,NA
NA,NA,2007-04-05 09:30:00,"Hallwood","Hallwood 2 RL","Continue trapping","Not recorded","Not recorded",NA,0.5,0.5,"Yes",NA,NA,NA,NA
NA,NA,2007-04-06 09:00:00,"Hallwood","Hallwood 2 RL","Continue trapping","Not recorded","Not recorded",NA,0.5,0.5,"Yes",NA,NA,NA,NA
NA,NA,2007-04-07 08:00:00,"Hallwood","Hallwood 2 RL","Continue trapping","Not recorded","Not recorded",NA,0.300000011920929,0.300000011920929,"Yes",NA,NA,NA,NA
NA,NA,2007-04-08 11:00:00,"Hallwood","Hallwood 2 RL","Continue trapping","Not recorded","Not recorded",NA,0,0,"Yes",NA,NA,NA,NA
NA,NA,2007-04-09 09:00:00,"Hallwood","Hallwood 2 RL","Continue trapping","Not recorded","Not recorded",NA,0.100000001490116,0.100000001490116,"Yes",NA,NA,NA,NA
NA,NA,2007-04-10 10:00:00,"Hallwood","Hallwood 2 RL","Continue trapping","Not recorded","Not recorded",NA,0.100000001490116,0.100000001490116,"Yes",NA,NA,NA,NA
NA,NA,2007-04-11 10:00:00,"Hallwood","Hallwood 2 RL","Continue trapping","Not recorded","Not recorded",NA,0.100000001490116,0.100000001490116,"Yes",NA,NA,NA,NA
NA,NA,2007-04-12 09:00:00,"Hallwood","Hallwood 2 RL","Continue trapping","Not recorded","Not recorded",NA,1,1,"Yes",NA,NA,NA,NA
NA,NA,2007-04-13 08:00:00,"Hallwood","Hallwood 2 RL","Continue trapping","Not recorded","Not recorded",NA,0.400000005960464,0.400000005960464,"Yes",NA,NA,NA,NA
NA,NA,2007-04-14 09:15:00,"Hallwood","Hallwood 2 RL","Continue trapping","Not recorded","Not recorded",NA,0.5,0.5,"Yes",NA,NA,NA,NA
NA,NA,2007-04-15 12:15:00,"Hallwood","Hallwood 2 RL","Continue trapping","Not recorded","Not recorded",NA,0.400000005960464,0.400000005960464,"Yes",NA,NA,NA,NA
NA,NA,2007-04-16 08:30:00,"Hallwood","Hallwood 2 RL","Continue trapping","Not recorded","Not recorded",NA,1.10000002384186,1.29999995231628,"Yes",NA,NA,NA,NA
NA,NA,2007-04-17 09:30:00,"Hallwood","Hallwood 2 RL","Continue trapping","Not recorded","Not recorded",NA,0.400000005960464,0.5,"Yes",NA,NA,NA,NA
NA,NA,2007-04-18 10:00:00,"Hallwood","Hallwood 2 RL","Continue trapping","Not recorded","Not recorded",NA,0.800000011920929,0.800000011920929,"Yes",NA,NA,NA,NA
NA,NA,2007-04-19 09:00:00,"Hallwood","Hallwood 2 RL","Continue trapping","Not recorded","Not recorded",NA,0.400000005960464,0.5,"Yes",NA,NA,NA,NA
NA,NA,2007-04-20 08:30:00,"Hallwood","Hallwood 2 RL","Continue trapping","Not recorded","Not recorded",NA,0.600000023841858,0.600000023841858,"Yes",NA,NA,NA,NA
NA,NA,2007-04-21 09:30:00,"Hallwood","Hallwood 2 RL","Continue trapping","Not recorded","Not recorded",NA,0.699999988079071,0.800000011920929,"Yes",NA,NA,NA,NA
NA,NA,2007-04-22 13:00:00,"Hallwood","Hallwood 2 RL","Continue trapping","Not recorded","Not recorded",NA,2,2,"Yes",NA,NA,NA,NA
NA,NA,2007-04-23 10:00:00,"Hallwood","Hallwood 2 RL","Continue trapping","Not recorded","Not recorded",NA,0.899999976158142,0.899999976158142,"Yes",NA,NA,NA,NA
NA,NA,2007-04-24 09:25:00,"Hallwood","Hallwood 2 RL","Continue trapping","Not recorded","Not recorded",NA,1.5,1.5,"Yes",NA,NA,NA,NA
NA,NA,2007-04-25 09:00:00,"Hallwood","Hallwood 2 RL","Continue trapping","Not recorded","Not recorded",NA,0.800000011920929,0.800000011920929,"Yes",NA,NA,NA,NA
NA,NA,2007-04-26 08:30:00,"Hallwood","Hallwood 2 RL","Continue trapping","Not recorded","Not recorded",NA,0.800000011920929,0.800000011920929,"Yes",NA,NA,NA,NA
NA,NA,2007-04-27 09:45:00,"Hallwood","Hallwood 2 RL","Continue trapping","Not recorded","Not recorded",NA,0.800000011920929,1,"Yes",NA,NA,NA,NA
NA,NA,2007-04-28 10:30:00,"Hallwood","Hallwood 2 RL","Continue trapping","Not recorded","Not recorded",NA,0.800000011920929,0.800000011920929,"Yes",NA,NA,NA,NA
NA,NA,2007-04-29 10:30:00,"Hallwood","Hallwood 2 RL","Continue trapping","Not recorded","Not recorded",NA,0.699999988079071,0.699999988079071,"Yes",NA,NA,NA,NA
NA,NA,2007-04-30 09:30:00,"Hallwood","Hallwood 2 RL","Continue trapping","Not recorded","Not recorded",NA,1.10000002384186,1.10000002384186,"Yes",NA,NA,NA,NA
NA,NA,2007-05-01 09:30:00,"Hallwood","Hallwood 2 RL","Continue trapping","Not recorded","Not recorded",NA,1.39999997615814,1.39999997615814,"Yes",NA,NA,NA,NA
NA,NA,2007-05-02 09:00:00,"Hallwood","Hallwood 2 RL","Continue trapping","Not recorded","Not recorded",NA,1.20000004768372,1.20000004768372,"Yes",NA,NA,NA,NA
NA,NA,2007-05-03 10:00:00,"Hallwood","Hallwood 2 RL","Continue trapping","Not recorded","Not recorded",NA,1.20000004768372,1.29999995231628,"Yes",NA,NA,NA,NA
NA,NA,2007-05-04 09:00:00,"Hallwood","Hallwood 2 RL","Continue trapping","Not recorded","Not recorded",NA,1.20000004768372,1.20000004768372,"Yes",NA,NA,NA,NA
NA,NA,2007-05-05 11:00:00,"Hallwood","Hallwood 2 RL","Continue trapping","Not recorded","Not recorded",NA,1.10000002384186,1.10000002384186,"Yes",NA,NA,NA,NA
NA,NA,2007-05-06 09:00:00,"Hallwood","Hallwood 2 RL","Continue trapping","Not recorded","Not recorded",NA,1.20000004768372,1.20000004768372,"Yes",NA,NA,NA,NA
NA,NA,2007-05-07 09:00:00,"Hallwood","Hallwood 2 RL","Continue trapping","Not recorded","Not recorded",NA,1.20000004768372,1.20000004768372,"Yes",NA,NA,NA,NA
NA,NA,2007-05-08 10:00:00,"Hallwood","Hallwood 2 RL","Continue trapping","Not recorded","Not recorded",NA,1.20000004768372,1.29999995231628,"Yes",NA,NA,NA,NA
NA,NA,2007-05-09 08:30:00,"Hallwood","Hallwood 2 RL","Continue trapping","Not recorded","Not recorded",NA,1.39999997615814,1.39999997615814,"Yes",NA,NA,NA,NA
NA,NA,2007-05-10 09:00:00,"Hallwood","Hallwood 2 RL","Continue trapping","Not recorded","Not recorded",NA,1,1,"Yes",NA,NA,NA,NA
NA,NA,2007-05-11 09:00:00,"Hallwood","Hallwood 2 RL","Continue trapping","Not recorded","Not recorded",NA,1,1,"Yes",NA,NA,NA,NA
NA,NA,2007-05-12 08:15:00,"Hallwood","Hallwood 2 RL","Continue trapping","Not recorded","Not recorded",NA,1,1,"Yes",NA,NA,NA,NA
NA,NA,2007-05-13 08:00:00,"Hallwood","Hallwood 2 RL","Continue trapping","Not recorded","Not recorded",NA,0.899999976158142,0.899999976158142,"Yes",NA,NA,NA,NA
NA,NA,2007-05-14 09:00:00,"Hallwood","Hallwood 2 RL","Continue trapping","Not recorded","Not recorded",NA,1.39999997615814,1.39999997615814,"Yes",NA,NA,NA,NA
NA,NA,2007-05-15 09:15:00,"Hallwood","Hallwood 2 RL","Continue trapping","Not recorded","Not recorded",NA,1.20000004768372,1.20000004768372,"Yes",NA,NA,NA,NA
NA,NA,2007-05-16 09:30:00,"Hallwood","Hallwood 2 RL","Continue trapping","Not recorded","Not recorded",NA,1.70000004768372,1.70000004768372,"Yes",NA,NA,NA,NA
NA,NA,2007-05-17 12:15:00,"Hallwood","Hallwood 2 RL","Continue trapping","Not recorded","Not recorded",NA,1.20000004768372,1.20000004768372,"Yes",NA,NA,NA,NA
NA,NA,2007-05-18 12:00:00,"Hallwood","Hallwood 2 RL","Continue trapping","Not recorded","Not recorded",NA,1.20000004768372,1.20000004768372,"Yes",NA,NA,NA,NA
NA,NA,2007-05-19 11:00:00,"Hallwood","Hallwood 2 RL","Continue trapping","Not recorded","Not recorded",NA,1,1,"Yes",NA,NA,NA,NA
NA,NA,2007-05-20 11:00:00,"Hallwood","Hallwood 2 RL","Continue trapping","Not recorded","Not recorded",NA,0.699999988079071,0.699999988079071,"Yes",NA,NA,NA,NA
NA,NA,2007-05-21 09:00:00,"Hallwood","Hallwood 2 RL","Continue trapping","Not recorded","Not recorded",NA,1.10000002384186,1.10000002384186,"Yes",NA,NA,NA,NA
NA,NA,2007-05-22 09:15:00,"Hallwood","Hallwood 2 RL","Continue trapping","Not recorded","Not recorded",NA,1.10000002384186,1.20000004768372,"Yes",NA,NA,NA,NA
NA,NA,2007-05-23 09:00:00,"Hallwood","Hallwood 2 RL","Continue trapping","Not recorded","Not recorded",NA,1.29999995231628,1.29999995231628,"Yes",NA,NA,NA,NA
NA,NA,2007-05-24 09:00:00,"Hallwood","Hallwood 2 RL","Continue trapping","Not recorded","Not recorded",NA,0.899999976158142,0.899999976158142,"Yes",NA,NA,NA,NA
NA,NA,2007-05-25 07:30:00,"Hallwood","Hallwood 2 RL","Continue trapping","Not recorded","Not recorded",NA,1.29999995231628,1.29999995231628,"Yes",NA,NA,NA,NA
NA,NA,2007-05-26 08:30:00,"Hallwood","Hallwood 2 RL","Continue trapping","Not recorded","Not recorded",NA,1,1,"Yes",NA,NA,NA,NA
NA,NA,2007-05-27 09:00:00,"Hallwood","Hallwood 2 RL","Continue trapping","Not recorded","Not recorded",NA,1,1,"Yes",NA,NA,NA,NA
NA,NA,2007-05-28 09:00:00,"Hallwood","Hallwood 2 RL","Continue trapping","Not recorded","Not recorded",NA,0.899999976158142,0.899999976158142,"Yes",NA,NA,NA,NA
NA,NA,2007-05-29 09:00:00,"Hallwood","Hallwood 2 RL","Continue trapping","Not recorded","Not recorded",NA,1,1.10000002384186,"Yes",NA,NA,NA,NA
NA,NA,2007-05-30 08:45:00,"Hallwood","Hallwood 2 RL","Continue trapping","Not recorded","Not recorded",NA,1,1.10000002384186,"Yes",NA,NA,NA,NA
NA,NA,2007-05-31 08:00:00,"Hallwood","Hallwood 2 RL","Continue trapping","Not recorded","Not recorded",NA,0.899999976158142,0.899999976158142,"Yes",NA,NA,NA,NA
NA,NA,2007-06-01 07:45:00,"Hallwood","Hallwood 2 RL","Continue trapping","Not recorded","Not recorded",NA,1.20000004768372,1.20000004768372,"Yes",NA,NA,NA,NA
NA,NA,2007-06-02 10:30:00,"Hallwood","Hallwood 2 RL","Continue trapping","Not recorded","Not recorded",NA,0.300000011920929,0.400000005960464,"Yes",NA,NA,NA,NA
NA,NA,2007-06-04 09:00:00,"Hallwood","Hallwood 2 RL","Continue trapping","Not recorded","Not recorded",NA,0.200000002980232,0.600000023841858,"Yes",NA,NA,NA,NA
NA,NA,2007-06-05 09:00:00,"Hallwood","Hallwood 2 RL","Continue trapping","Not recorded","Not recorded",NA,0.899999976158142,1,"Yes",NA,NA,NA,NA
NA,NA,2007-06-06 08:30:00,"Hallwood","Hallwood 2 RL","Continue trapping","Not recorded","Not recorded",NA,0.800000011920929,0.800000011920929,"Yes",NA,NA,NA,NA
NA,NA,2007-06-07 08:30:00,"Hallwood","Hallwood 2 RL","Continue trapping","Not recorded","Not recorded",NA,0.400000005960464,0.400000005960464,"Yes",NA,NA,NA,NA
NA,NA,2007-06-08 07:30:00,"Hallwood","Hallwood 2 RL","Continue trapping","Not recorded","Not recorded",NA,0.300000011920929,0.400000005960464,"Yes",NA,NA,NA,NA
NA,NA,2007-06-09 10:30:00,"Hallwood","Hallwood 2 RL","Continue trapping","Not recorded","Not recorded",NA,0.800000011920929,0.800000011920929,"Yes",NA,NA,NA,NA
NA,NA,2007-06-10 10:30:00,"Hallwood","Hallwood 2 RL","Continue trapping","Not recorded","Not recorded",NA,0.600000023841858,0.600000023841858,"Yes",NA,NA,NA,NA
NA,NA,2007-06-11 09:30:00,"Hallwood","Hallwood 2 RL","Continue trapping","Not recorded","Not recorded",NA,0.300000011920929,0.400000005960464,"Yes",NA,NA,NA,NA
NA,NA,2007-06-12 08:15:00,"Hallwood","Hallwood 2 RL","Continue trapping","Not recorded","Not recorded",NA,0.899999976158142,1,"Yes",NA,NA,NA,NA
NA,NA,2007-06-13 08:30:00,"Hallwood","Hallwood 2 RL","Continue trapping","Not recorded","Not recorded",NA,0.800000011920929,0.800000011920929,"Yes",NA,NA,NA,NA
NA,NA,2007-06-14 08:00:00,"Hallwood","Hallwood 2 RL","Continue trapping","Not recorded","Not recorded",NA,0.899999976158142,0.699999988079071,"Yes",NA,NA,NA,NA
NA,NA,2007-06-15 08:00:00,"Hallwood","Hallwood 2 RL","Continue trapping","Not recorded","Not recorded",NA,0.899999976158142,1,"Yes",NA,NA,NA,NA
NA,NA,2007-06-16 09:20:00,"Hallwood","Hallwood 2 RL","Continue trapping","Not recorded","Not recorded",NA,0.400000005960464,0.400000005960464,"Yes",NA,NA,NA,NA
NA,NA,2007-06-17 11:20:00,"Hallwood","Hallwood 2 RL","Continue trapping","Not recorded","Not recorded",NA,0.300000011920929,0.400000005960464,"Yes",NA,NA,NA,NA
NA,NA,2007-06-18 08:00:00,"Hallwood","Hallwood 2 RL","Continue trapping","Not recorded","Not recorded",NA,0.600000023841858,0.699999988079071,"Yes",NA,NA,NA,NA
NA,NA,2007-07-04 10:01:00,"Hallwood","Hallwood 2 RL","Continue trapping","Not recorded","Not recorded",NA,1,1.39999997615814,"Yes",NA,NA,NA,NA
NA,NA,2007-07-05 07:33:00,"Hallwood","Hallwood 2 RL","Continue trapping","Not recorded","Not recorded",NA,1,1.20000004768372,"Yes",NA,NA,NA,NA
NA,NA,2007-07-06 06:37:00,"Hallwood","Hallwood 2 RL","Continue trapping","Not recorded","Not recorded",NA,0.899999976158142,1.29999995231628,"Yes",NA,NA,NA,NA
NA,NA,2007-07-13 07:46:00,"Hallwood","Hallwood 2 RL","Continue trapping","Not recorded","Not recorded",NA,0.800000011920929,1.89999997615814,"Yes",NA,NA,NA,NA
NA,NA,2007-07-18 09:10:00,"Hallwood","Hallwood 2 RL","Continue trapping","Not recorded","Not recorded",NA,0.800000011920929,0.800000011920929,"Yes",NA,NA,NA,NA
NA,NA,2007-07-19 07:29:00,"Hallwood","Hallwood 2 RL","Continue trapping","Not recorded","Not recorded",NA,0.899999976158142,0.699999988079071,"Yes",NA,NA,NA,NA
NA,NA,2007-08-15 08:30:00,"Hallwood","Hallwood 2 RL","Continue trapping","Not recorded","Not recorded",NA,0.100000001490116,0.800000011920929,"Yes",NA,NA,NA,NA
NA,NA,2007-09-08 09:10:00,"Hallwood","Hallwood 2 RL","Continue trapping","Not recorded","Not recorded",NA,0.600000023841858,0.5,"Yes",NA,NA,NA,NA
NA,NA,2007-11-28 09:07:00,"Hallwood","Hallwood 2 RL","Continue trapping","Not recorded","Not recorded",NA,0.699999988079071,0.899999976158142,"Yes",NA,NA,NA,NA
NA,NA,2007-11-30 08:44:00,"Hallwood","Hallwood 2 RL","Continue trapping","Not recorded","Not recorded",NA,0.600000023841858,0.800000011920929,"Yes",NA,NA,NA,NA
NA,NA,2007-12-01 10:06:00,"Hallwood","Hallwood 2 RL","Continue trapping","Not recorded","Not recorded",NA,0.600000023841858,0.699999988079071,"Yes",NA,NA,NA,NA
NA,NA,2007-12-02 11:55:00,"Hallwood","Hallwood 2 RL","Continue trapping","Not recorded","Not recorded",NA,0.5,0.899999976158142,"Yes",NA,NA,NA,NA
NA,NA,2007-12-03 09:29:00,"Hallwood","Hallwood 2 RL","Continue trapping","Not recorded","Not recorded",NA,0.800000011920929,0.899999976158142,"Yes",NA,NA,NA,NA
NA,NA,2007-12-05 09:24:00,"Hallwood","Hallwood 2 RL","Continue trapping","Not recorded","Not recorded",NA,0.800000011920929,1.20000004768372,"Yes",NA,NA,NA,NA
NA,NA,2007-12-06 07:49:00,"Hallwood","Hallwood 2 RL","Continue trapping","Not recorded","Not recorded",NA,1,1.10000002384186,"Yes",NA,NA,NA,NA
NA,NA,2007-12-07 09:06:00,"Hallwood","Hallwood 2 RL","Continue trapping","Not recorded","Not recorded",NA,1,1.29999995231628,"Yes",NA,NA,NA,NA
NA,NA,2007-12-08 09:05:00,"Hallwood","Hallwood 2 RL","Continue trapping","Not recorded","Not recorded",NA,NA,0.800000011920929,"Yes",NA,NA,NA,NA
NA,NA,2007-12-09 09:10:00,"Hallwood","Hallwood 2 RL","Continue trapping","Not recorded","Not recorded",NA,0.800000011920929,0.5,"Yes",NA,NA,NA,NA
NA,NA,2007-12-10 09:30:00,"Hallwood","Hallwood 2 RL","Continue trapping","Not recorded","Not recorded",NA,0.600000023841858,0.600000023841858,"Yes",NA,NA,NA,NA
NA,NA,2007-12-11 07:52:00,"Hallwood","Hallwood 2 RL","Continue trapping","Not recorded","Not recorded",NA,0.400000005960464,0.600000023841858,"Yes",NA,NA,NA,NA
NA,NA,2007-12-12 07:52:00,"Hallwood","Hallwood 2 RL","Continue trapping","Not recorded","Not recorded",NA,0.899999976158142,0.5,"Yes",NA,NA,NA,NA
NA,NA,2007-12-13 08:05:00,"Hallwood","Hallwood 2 RL","Continue trapping","Not recorded","Not recorded",NA,0.5,0.600000023841858,"Yes",NA,NA,NA,NA
NA,NA,2007-12-14 07:39:00,"Hallwood","Hallwood 2 RL","Continue trapping","Not recorded","Not recorded",NA,0.400000005960464,0.5,"Yes",NA,NA,NA,NA
NA,NA,2007-12-15 09:03:00,"Hallwood","Hallwood 2 RL","Continue trapping","Not recorded","Not recorded",NA,0.600000023841858,0.699999988079071,"Yes",NA,NA,NA,NA
NA,NA,2007-12-16 09:10:00,"Hallwood","Hallwood 2 RL","Continue trapping","Not recorded","Not recorded",NA,0,0,"Yes",NA,NA,NA,NA
NA,NA,2007-12-18 09:08:00,"Hallwood","Hallwood 2 RL","Continue trapping","Not recorded","Not recorded",NA,0.800000011920929,0.800000011920929,"Yes",NA,NA,NA,NA
NA,NA,2007-12-19 09:06:00,"Hallwood","Hallwood 2 RL","Continue trapping","Not recorded","Not recorded",NA,0.100000001490116,1.39999997615814,"Yes",NA,NA,NA,NA
NA,NA,2007-12-20 08:25:00,"Hallwood","Hallwood 2 RL","Continue trapping","Not recorded","Not recorded",NA,1.60000002384186,NA,"Yes",NA,NA,NA,NA
NA,NA,2007-12-21 10:36:00,"Hallwood","Hallwood 2 RL","Continue trapping","Not recorded","Not recorded",NA,2.5,2.79999995231628,"Yes",NA,NA,NA,NA
NA,NA,2007-12-22 09:00:00,"Hallwood","Hallwood 2 RL","Continue trapping","Not recorded","Not recorded",NA,2.70000004768372,2.90000009536743,"Yes",NA,NA,NA,NA
NA,NA,2007-12-23 09:51:00,"Hallwood","Hallwood 2 RL","Continue trapping","Not recorded","Not recorded",NA,1.60000002384186,1.39999997615814,"Yes",NA,NA,NA,NA
NA,NA,2007-12-24 08:53:00,"Hallwood","Hallwood 2 RL","Continue trapping","Not recorded","Not recorded",NA,0.200000002980232,0.600000023841858,"Yes",NA,NA,NA,NA
NA,NA,2007-12-25 11:04:00,"Hallwood","Hallwood 2 RL","Continue trapping","Not recorded","Not recorded",NA,0.100000001490116,0.400000005960464,"Yes",NA,NA,NA,NA
NA,NA,2007-12-26 09:37:00,"Hallwood","Hallwood 2 RL","Continue trapping","Not recorded","Not recorded",NA,0.100000001490116,0.100000001490116,"Yes",NA,NA,NA,NA
NA,NA,2007-12-27 08:48:00,"Hallwood","Hallwood 2 RL","Continue trapping","Not recorded","Not recorded",NA,0.200000002980232,0.200000002980232,"Yes",NA,NA,NA,NA
NA,NA,2007-12-28 09:01:00,"Hallwood","Hallwood 2 RL","Continue trapping","Not recorded","Not recorded",NA,0.100000001490116,0.100000001490116,"Yes",NA,NA,NA,NA
NA,NA,2007-12-29 09:30:00,"Hallwood","Hallwood 2 RL","Continue trapping","Not recorded","Not recorded",NA,0.300000011920929,0.600000023841858,"Yes",NA,NA,NA,NA
NA,NA,2007-12-30 09:29:00,"Hallwood","Hallwood 2 RL","Continue trapping","Not recorded","Not recorded",NA,0.400000005960464,0.5,"Yes",NA,NA,NA,NA
NA,NA,2007-12-31 08:56:00,"Hallwood","Hallwood 2 RL","Continue trapping","Not recorded","Not recorded",NA,0.100000001490116,0.100000001490116,"Yes",NA,NA,NA,NA
NA,NA,2008-01-01 09:56:00,"Hallwood","Hallwood 2 RL","Continue trapping","Not recorded","Not recorded",NA,0.100000001490116,0.200000002980232,"Yes",NA,NA,NA,NA
NA,NA,2008-01-02 08:59:00,"Hallwood","Hallwood 2 RL","Continue trapping","Not recorded","Not recorded",NA,0.100000001490116,0.100000001490116,"Yes",NA,NA,NA,NA
NA,NA,2008-01-03 09:02:00,"Hallwood","Hallwood 2 RL","Continue trapping","Not recorded","Not recorded",NA,0.100000001490116,0.200000002980232,"Yes",NA,NA,NA,NA
NA,NA,2008-01-04 08:25:00,"Hallwood","Hallwood 2 RL","Continue trapping","Not recorded","Not recorded",NA,2.09999990463257,2.40000009536743,"Yes",NA,NA,NA,NA
NA,NA,2008-01-08 08:53:00,"Hallwood","Hallwood 2 RL","Continue trapping","Not recorded","Not recorded",NA,3.59999990463257,4,"Yes",NA,NA,NA,NA
NA,NA,2008-01-09 08:33:00,"Hallwood","Hallwood 2 RL","Continue trapping","Not recorded","Not recorded",NA,4.69999980926514,4.69999980926514,"Yes",NA,NA,NA,NA
NA,NA,2008-01-10 10:10:00,"Hallwood","Hallwood 2 RL","Continue trapping","Not recorded","Not recorded",NA,2,1.89999997615814,"Yes",NA,NA,NA,NA
NA,NA,2008-01-11 09:22:00,"Hallwood","Hallwood 2 RL","Continue trapping","Not recorded","Not recorded",NA,1.5,1.20000004768372,"Yes",NA,NA,NA,NA
NA,NA,2008-01-12 09:17:00,"Hallwood","Hallwood 2 RL","Continue trapping","Not recorded","Not recorded",NA,1.60000002384186,1.60000002384186,"Yes",NA,NA,NA,NA
NA,NA,2008-01-13 09:26:00,"Hallwood","Hallwood 2 RL","Continue trapping","Not recorded","Not recorded",NA,1.60000002384186,1.5,"Yes",NA,NA,NA,NA
NA,NA,2008-01-14 08:52:00,"Hallwood","Hallwood 2 RL","Continue trapping","Not recorded","Not recorded",NA,1.20000004768372,1.29999995231628,"Yes",NA,NA,NA,NA
NA,NA,2008-01-15 09:12:00,"Hallwood","Hallwood 2 RL","Continue trapping","Not recorded","Not recorded",NA,1.29999995231628,1.39999997615814,"Yes",NA,NA,NA,NA
NA,NA,2008-01-16 08:58:00,"Hallwood","Hallwood 2 RL","Continue trapping","Not recorded","Not recorded",NA,1.10000002384186,1.10000002384186,"Yes",NA,NA,NA,NA
NA,NA,2008-01-17 11:32:00,"Hallwood","Hallwood 2 RL","Continue trapping","Not recorded","Not recorded",NA,1.20000004768372,1.20000004768372,"Yes",NA,NA,NA,NA
NA,NA,2008-01-18 10:08:00,"Hallwood","Hallwood 2 RL","Continue trapping","Not recorded","Not recorded",NA,1.20000004768372,1.20000004768372,"Yes",NA,NA,NA,NA
NA,NA,2008-01-19 09:45:00,"Hallwood","Hallwood 2 RL","Continue trapping","Not recorded","Not recorded",NA,0.5,0.5,"Yes",NA,NA,NA,NA
NA,NA,2008-01-20 08:10:00,"Hallwood","Hallwood 2 RL","Continue trapping","Not recorded","Not recorded",NA,0.699999988079071,0.400000005960464,"Yes",NA,NA,NA,NA
NA,NA,2008-01-21 10:02:00,"Hallwood","Hallwood 2 RL","Continue trapping","Not recorded","Not recorded",NA,0.600000023841858,0.600000023841858,"Yes",NA,NA,NA,NA
NA,NA,2008-01-22 09:17:00,"Hallwood","Hallwood 2 RL","Continue trapping","Not recorded","Not recorded",NA,0.600000023841858,0.600000023841858,"Yes",NA,NA,NA,NA
NA,NA,2008-01-23 09:09:00,"Hallwood","Hallwood 2 RL","Continue trapping","Not recorded","Not recorded",NA,0.600000023841858,0.5,"Yes",NA,NA,NA,NA
NA,NA,2008-01-24 09:16:00,"Hallwood","Hallwood 2 RL","Continue trapping","Not recorded","Not recorded",NA,0.5,0.5,"Yes",NA,NA,NA,NA
NA,NA,2008-01-25 08:57:00,"Hallwood","Hallwood 2 RL","Continue trapping","Not recorded","Not recorded",NA,0.699999988079071,0.800000011920929,"Yes",NA,NA,NA,NA
NA,NA,2008-01-26 09:40:00,"Hallwood","Hallwood 2 RL","Continue trapping","Not recorded","Not recorded",NA,1.39999997615814,1.39999997615814,"Yes",NA,NA,NA,NA
NA,NA,2008-01-27 11:08:00,"Hallwood","Hallwood 2 RL","Continue trapping","Not recorded","Not recorded",NA,1.20000004768372,1.39999997615814,"Yes",NA,NA,NA,NA
NA,NA,2008-01-28 14:52:00,"Hallwood","Hallwood 2 RL","Continue trapping","Not recorded","Not recorded",NA,2.79999995231628,2.59999990463257,"Yes",NA,NA,NA,NA
NA,NA,2008-01-29 13:55:00,"Hallwood","Hallwood 2 RL","Continue trapping","Not recorded","Not recorded",NA,3,3,"Yes",NA,NA,NA,NA
NA,NA,2008-01-30 09:53:00,"Hallwood","Hallwood 2 RL","Continue trapping","Not recorded","Not recorded",NA,3.09999990463257,3.20000004768372,"Yes",NA,NA,NA,NA
NA,NA,2008-01-31 07:58:00,"Hallwood","Hallwood 2 RL","Continue trapping","Not recorded","Not recorded",NA,3.20000004768372,3.20000004768372,"Yes",NA,NA,NA,NA
NA,NA,2008-02-01 14:04:00,"Hallwood","Hallwood 2 RL","Continue trapping","Not recorded","Not recorded",NA,2.70000004768372,2.70000004768372,"Yes",NA,NA,NA,NA
NA,NA,2008-02-02 10:46:00,"Hallwood","Hallwood 2 RL","Continue trapping","Not recorded","Not recorded",NA,3.5,3.20000004768372,"Yes",NA,NA,NA,NA
NA,NA,2008-02-03 10:26:00,"Hallwood","Hallwood 2 RL","Continue trapping","Not recorded","Not recorded",NA,2.90000009536743,3.09999990463257,"Yes",NA,NA,NA,NA
NA,NA,2008-02-04 11:22:00,"Hallwood","Hallwood 2 RL","Continue trapping","Not recorded","Not recorded",NA,3,3,"Yes",NA,NA,NA,NA
NA,NA,2008-02-05 09:25:00,"Hallwood","Hallwood 2 RL","Continue trapping","Not recorded","Not recorded",NA,2.79999995231628,2.79999995231628,"Yes",NA,NA,NA,NA
NA,NA,2008-02-06 09:06:00,"Hallwood","Hallwood 2 RL","Continue trapping","Not recorded","Not recorded",NA,2.79999995231628,2.79999995231628,"Yes",NA,NA,NA,NA
NA,NA,2008-02-07 09:20:00,"Hallwood","Hallwood 2 RL","Continue trapping","Not recorded","Not recorded",NA,2.09999990463257,2.09999990463257,"Yes",NA,NA,NA,NA
NA,NA,2008-02-08 08:52:00,"Hallwood","Hallwood 2 RL","Continue trapping","Not recorded","Not recorded",NA,1.89999997615814,1.89999997615814,"Yes",NA,NA,NA,NA
NA,NA,2008-02-09 10:07:00,"Hallwood","Hallwood 2 RL","Continue trapping","Not recorded","Not recorded",NA,2,2,"Yes",NA,NA,NA,NA
NA,NA,2008-02-10 10:03:00,"Hallwood","Hallwood 2 RL","Continue trapping","Not recorded","Not recorded",NA,1.89999997615814,1.89999997615814,"Yes",NA,NA,NA,NA
NA,NA,2008-02-11 09:15:00,"Hallwood","Hallwood 2 RL","Continue trapping","Not recorded","Not recorded",NA,1.89999997615814,1.89999997615814,"Yes",NA,NA,NA,NA
NA,NA,2008-02-12 09:10:00,"Hallwood","Hallwood 2 RL","Continue trapping","Not recorded","Not recorded",NA,1.60000002384186,1.60000002384186,"Yes",NA,NA,NA,NA
NA,NA,2008-02-13 09:35:00,"Hallwood","Hallwood 2 RL","Continue trapping","Not recorded","Not recorded",NA,1.60000002384186,1.60000002384186,"Yes",NA,NA,NA,NA
NA,NA,2008-02-14 10:10:00,"Hallwood","Hallwood 2 RL","Continue trapping","Not recorded","Not recorded",NA,1.70000004768372,1.70000004768372,"Yes",NA,NA,NA,NA
NA,NA,2008-02-15 09:10:00,"Hallwood","Hallwood 2 RL","Continue trapping","Not recorded","Not recorded",NA,1.39999997615814,1.39999997615814,"Yes",NA,NA,NA,NA
NA,NA,2008-02-16 09:25:00,"Hallwood","Hallwood 2 RL","Continue trapping","Not recorded","Not recorded",NA,1.20000004768372,1.20000004768372,"Yes",NA,NA,NA,NA
NA,NA,2008-02-17 09:14:00,"Hallwood","Hallwood 2 RL","Continue trapping","Not recorded","Not recorded",NA,1.20000004768372,1.10000002384186,"Yes",NA,NA,NA,NA
NA,NA,2008-02-18 09:53:00,"Hallwood","Hallwood 2 RL","Continue trapping","Not recorded","Not recorded",NA,1.20000004768372,1.29999995231628,"Yes",NA,NA,NA,NA
NA,NA,2008-02-19 09:35:00,"Hallwood","Hallwood 2 RL","Continue trapping","Not recorded","Not recorded",NA,1.20000004768372,1.29999995231628,"Yes",NA,NA,NA,NA
NA,NA,2008-02-20 09:20:00,"Hallwood","Hallwood 2 RL","Continue trapping","Not recorded","Not recorded",NA,1.29999995231628,1.29999995231628,"Yes",NA,NA,NA,NA
NA,NA,2008-02-21 09:11:00,"Hallwood","Hallwood 2 RL","Continue trapping","Not recorded","Not recorded",NA,1.10000002384186,1.20000004768372,"Yes",NA,NA,NA,NA
NA,NA,2008-02-22 09:18:00,"Hallwood","Hallwood 2 RL","Continue trapping","Not recorded","Not recorded",NA,1.20000004768372,1.20000004768372,"Yes",NA,NA,NA,NA
NA,NA,2008-02-23 11:20:00,"Hallwood","Hallwood 2 RL","Continue trapping","Not recorded","Not recorded",NA,1.70000004768372,1.70000004768372,"Yes",NA,NA,NA,NA
NA,NA,2008-02-24 14:54:00,"Hallwood","Hallwood 2 RL","Continue trapping","Not recorded","Not recorded",NA,1.70000004768372,2.90000009536743,"Yes",NA,NA,NA,NA
NA,NA,2008-02-27 09:25:00,"Hallwood","Hallwood 2 RL","Continue trapping","Not recorded","Not recorded",NA,3.29999995231628,3.20000004768372,"Yes",NA,NA,NA,NA
NA,NA,2008-02-28 09:02:00,"Hallwood","Hallwood 2 RL","Continue trapping","Not recorded","Not recorded",NA,1.60000002384186,1.60000002384186,"Yes",NA,NA,NA,NA
NA,NA,2008-02-29 08:40:00,"Hallwood","Hallwood 2 RL","Continue trapping","Not recorded","Not recorded",NA,2.59999990463257,2.59999990463257,"Yes",NA,NA,NA,NA
NA,NA,2008-03-01 10:04:00,"Hallwood","Hallwood 2 RL","Continue trapping","Not recorded","Not recorded",NA,2.40000009536743,2.29999995231628,"Yes",NA,NA,NA,NA
NA,NA,2008-03-02 09:04:00,"Hallwood","Hallwood 2 RL","Continue trapping","Not recorded","Not recorded",NA,2,2.29999995231628,"Yes",NA,NA,NA,NA
NA,NA,2008-03-03 09:28:00,"Hallwood","Hallwood 2 RL","Continue trapping","Not recorded","Not recorded",NA,2.20000004768372,2.20000004768372,"Yes",NA,NA,NA,NA
NA,NA,2008-03-04 09:05:00,"Hallwood","Hallwood 2 RL","Continue trapping","Not recorded","Not recorded",NA,2.09999990463257,2.20000004768372,"Yes",NA,NA,NA,NA
NA,NA,2008-03-05 09:01:00,"Hallwood","Hallwood 2 RL","Continue trapping","Not recorded","Not recorded",NA,2.09999990463257,2.09999990463257,"Yes",NA,NA,NA,NA
NA,NA,2008-03-06 09:40:00,"Hallwood","Hallwood 2 RL","Continue trapping","Not recorded","Not recorded",NA,2.09999990463257,2.09999990463257,"Yes",NA,NA,NA,NA
NA,NA,2008-03-07 09:15:00,"Hallwood","Hallwood 2 RL","Continue trapping","Not recorded","Not recorded",NA,2.09999990463257,2.20000004768372,"Yes",NA,NA,NA,NA
NA,NA,2008-03-08 08:41:00,"Hallwood","Hallwood 2 RL","Continue trapping","Not recorded","Not recorded",NA,2,2.09999990463257,"Yes",NA,NA,NA,NA
NA,NA,2008-03-09 11:37:00,"Hallwood","Hallwood 2 RL","Continue trapping","Not recorded","Not recorded",NA,1.89999997615814,1.89999997615814,"Yes",NA,NA,NA,NA
NA,NA,2008-03-10 09:22:00,"Hallwood","Hallwood 2 RL","Continue trapping","Not recorded","Not recorded",NA,1.89999997615814,1.89999997615814,"Yes",NA,NA,NA,NA
NA,NA,2008-03-11 09:30:00,"Hallwood","Hallwood 2 RL","Continue trapping","Not recorded","Not recorded",NA,2,2,"Yes",NA,NA,NA,NA
NA,NA,2008-03-12 07:52:00,"Hallwood","Hallwood 2 RL","Continue trapping","Not recorded","Not recorded",NA,2.40000009536743,2.40000009536743,"Yes",NA,NA,NA,NA
NA,NA,2008-03-13 09:30:00,"Hallwood","Hallwood 2 RL","Continue trapping","Not recorded","Not recorded",NA,1.89999997615814,1.89999997615814,"Yes",NA,NA,NA,NA
NA,NA,2008-03-14 09:22:00,"Hallwood","Hallwood 2 RL","Continue trapping","Not recorded","Not recorded",NA,1.89999997615814,1.89999997615814,"Yes",NA,NA,NA,NA
NA,NA,2008-03-15 12:18:00,"Hallwood","Hallwood 2 RL","Continue trapping","Not recorded","Not recorded",NA,1.79999995231628,1.79999995231628,"Yes",NA,NA,NA,NA
NA,NA,2008-03-16 11:27:00,"Hallwood","Hallwood 2 RL","Continue trapping","Not recorded","Not recorded",NA,1.89999997615814,1.79999995231628,"Yes",NA,NA,NA,NA
NA,NA,2008-03-17 12:10:00,"Hallwood","Hallwood 2 RL","Continue trapping","Not recorded","Not recorded",NA,1.89999997615814,1.89999997615814,"Yes",NA,NA,NA,NA
NA,NA,2008-03-18 10:00:00,"Hallwood","Hallwood 2 RL","Continue trapping","Not recorded","Not recorded",NA,1.89999997615814,1.89999997615814,"Yes",NA,NA,NA,NA
NA,NA,2008-03-19 09:49:00,"Hallwood","Hallwood 2 RL","Continue trapping","Not recorded","Not recorded",NA,1.79999995231628,1.79999995231628,"Yes",NA,NA,NA,NA
NA,NA,2008-03-20 09:37:00,"Hallwood","Hallwood 2 RL","Continue trapping","Not recorded","Not recorded",NA,1.79999995231628,1.79999995231628,"Yes",NA,NA,NA,NA
NA,NA,2008-03-21 09:10:00,"Hallwood","Hallwood 2 RL","Continue trapping","Not recorded","Not recorded",NA,1.79999995231628,1.79999995231628,"Yes",NA,NA,NA,NA
NA,NA,2008-03-22 09:40:00,"Hallwood","Hallwood 2 RL","Continue trapping","Not recorded","Not recorded",NA,1.39999997615814,1.60000002384186,"Yes",NA,NA,NA,NA
NA,NA,2008-03-23 08:36:00,"Hallwood","Hallwood 2 RL","Continue trapping","Not recorded","Not recorded",NA,1.5,1.70000004768372,"Yes",NA,NA,NA,NA
NA,NA,2008-03-24 09:38:00,"Hallwood","Hallwood 2 RL","Continue trapping","Not recorded","Not recorded",NA,1.70000004768372,1.70000004768372,"Yes",NA,NA,NA,NA
NA,NA,2008-03-25 09:15:00,"Hallwood","Hallwood 2 RL","Continue trapping","Not recorded","Not recorded",NA,1.20000004768372,1.60000002384186,"Yes",NA,NA,NA,NA
NA,NA,2008-03-26 09:06:00,"Hallwood","Hallwood 2 RL","Continue trapping","Not recorded","Not recorded",NA,1.5,1.5,"Yes",NA,NA,NA,NA
NA,NA,2008-03-27 09:28:00,"Hallwood","Hallwood 2 RL","Continue trapping","Not recorded","Not recorded",NA,1.20000004768372,1.79999995231628,"Yes",NA,NA,NA,NA
NA,NA,2008-03-28 09:37:00,"Hallwood","Hallwood 2 RL","Continue trapping","Not recorded","Not recorded",NA,1.20000004768372,1.79999995231628,"Yes",NA,NA,NA,NA
NA,NA,2008-03-29 09:22:00,"Hallwood","Hallwood 2 RL","Continue trapping","Not recorded","Not recorded",NA,1.5,1.79999995231628,"Yes",NA,NA,NA,NA
NA,NA,2008-03-30 11:15:00,"Hallwood","Hallwood 2 RL","Continue trapping","Not recorded","Not recorded",NA,1.60000002384186,1.70000004768372,"Yes",NA,NA,NA,NA
NA,NA,2008-03-31 09:12:00,"Hallwood","Hallwood 2 RL","Continue trapping","Not recorded","Not recorded",NA,1.5,1.60000002384186,"Yes",NA,NA,NA,NA
NA,NA,2008-04-01 09:02:00,"Hallwood","Hallwood 2 RL","Continue trapping","Not recorded","Not recorded",NA,1.60000002384186,1.60000002384186,"Yes",NA,NA,NA,NA
NA,NA,2008-04-02 09:34:00,"Hallwood","Hallwood 2 RL","Continue trapping","Not recorded","Not recorded",NA,1.79999995231628,1.89999997615814,"Yes",NA,NA,NA,NA
NA,NA,2008-04-03 09:38:00,"Hallwood","Hallwood 2 RL","Continue trapping","Not recorded","Not recorded",NA,1.29999995231628,1.39999997615814,"Yes",NA,NA,NA,NA
NA,NA,2008-04-04 09:22:00,"Hallwood","Hallwood 2 RL","Continue trapping","Not recorded","Not recorded",NA,1.29999995231628,1.29999995231628,"Yes",NA,NA,NA,NA
NA,NA,2008-04-05 09:40:00,"Hallwood","Hallwood 2 RL","Continue trapping","Not recorded","Not recorded",NA,1.29999995231628,1.29999995231628,"Yes",NA,NA,NA,NA
NA,NA,2008-04-06 10:43:00,"Hallwood","Hallwood 2 RL","Continue trapping","Not recorded","Not recorded",NA,1.10000002384186,1.20000004768372,"Yes",NA,NA,NA,NA
NA,NA,2008-04-07 09:16:00,"Hallwood","Hallwood 2 RL","Continue trapping","Not recorded","Not recorded",NA,1.20000004768372,1.20000004768372,"Yes",NA,NA,NA,NA
NA,NA,2008-04-08 08:24:00,"Hallwood","Hallwood 2 RL","Continue trapping","Not recorded","Not recorded",NA,1.20000004768372,1.10000002384186,"Yes",NA,NA,NA,NA
NA,NA,2008-04-09 09:21:00,"Hallwood","Hallwood 2 RL","Continue trapping","Not recorded","Not recorded",NA,1.20000004768372,1.20000004768372,"Yes",NA,NA,NA,NA
NA,NA,2008-04-10 10:28:00,"Hallwood","Hallwood 2 RL","Continue trapping","Not recorded","Not recorded",NA,1.29999995231628,1.29999995231628,"Yes",NA,NA,NA,NA
NA,NA,2008-04-11 10:03:00,"Hallwood","Hallwood 2 RL","Continue trapping","Not recorded","Not recorded",NA,1.29999995231628,1.29999995231628,"Yes",NA,NA,NA,NA
NA,NA,2008-04-12 10:10:00,"Hallwood","Hallwood 2 RL","Continue trapping","Not recorded","Not recorded",NA,1.10000002384186,1.20000004768372,"Yes",NA,NA,NA,NA
NA,NA,2008-04-13 10:44:00,"Hallwood","Hallwood 2 RL","Continue trapping","Not recorded","Not recorded",NA,1.39999997615814,1.5,"Yes",NA,NA,NA,NA
NA,NA,2008-04-14 08:05:00,"Hallwood","Hallwood 2 RL","Continue trapping","Not recorded","Not recorded",NA,1.10000002384186,1.29999995231628,"Yes",NA,NA,NA,NA
NA,NA,2008-04-15 09:17:00,"Hallwood","Hallwood 2 RL","Continue trapping","Not recorded","Not recorded",NA,1.10000002384186,1.10000002384186,"Yes",NA,NA,NA,NA
NA,NA,2008-04-16 09:24:00,"Hallwood","Hallwood 2 RL","Continue trapping","Not recorded","Not recorded",NA,1.5,1.5,"Yes",NA,NA,NA,NA
NA,NA,2008-04-17 11:23:00,"Hallwood","Hallwood 2 RL","Continue trapping","Not recorded","Not recorded",NA,1.39999997615814,1.5,"Yes",NA,NA,NA,NA
NA,NA,2008-04-18 10:24:00,"Hallwood","Hallwood 2 RL","Continue trapping","Not recorded","Not recorded",NA,1.39999997615814,1.5,"Yes",NA,NA,NA,NA
NA,NA,2008-04-19 10:21:00,"Hallwood","Hallwood 2 RL","Continue trapping","Not recorded","Not recorded",NA,1.39999997615814,1.5,"Yes",NA,NA,NA,NA
NA,NA,2008-04-20 12:50:00,"Hallwood","Hallwood 2 RL","Continue trapping","Not recorded","Not recorded",NA,1.39999997615814,1.39999997615814,"Yes",NA,NA,NA,NA
NA,NA,2008-04-21 09:06:00,"Hallwood","Hallwood 2 RL","Continue trapping","Not recorded","Not recorded",NA,1.60000002384186,1.60000002384186,"Yes",NA,NA,NA,NA
NA,NA,2008-04-22 09:26:00,"Hallwood","Hallwood 2 RL","Continue trapping","Not recorded","Not recorded",NA,1.39999997615814,1.60000002384186,"Yes",NA,NA,NA,NA
NA,NA,2008-04-23 08:54:00,"Hallwood","Hallwood 2 RL","Continue trapping","Not recorded","Not recorded",NA,1.39999997615814,1.5,"Yes",NA,NA,NA,NA
NA,NA,2008-04-24 11:15:00,"Hallwood","Hallwood 2 RL","Continue trapping","Not recorded","Not recorded",NA,1.60000002384186,1.60000002384186,"Yes",NA,NA,NA,NA
NA,NA,2008-04-25 10:18:00,"Hallwood","Hallwood 2 RL","Continue trapping","Not recorded","Not recorded",NA,1.5,1.29999995231628,"Yes",NA,NA,NA,NA
NA,NA,2008-04-26 10:55:00,"Hallwood","Hallwood 2 RL","Continue trapping","Not recorded","Not recorded",NA,1.60000002384186,1.39999997615814,"Yes",NA,NA,NA,NA
NA,NA,2008-04-27 08:31:00,"Hallwood","Hallwood 2 RL","Continue trapping","Not recorded","Not recorded",NA,1.39999997615814,1.60000002384186,"Yes",NA,NA,NA,NA
NA,NA,2008-04-28 11:07:00,"Hallwood","Hallwood 2 RL","Continue trapping","Not recorded","Not recorded",NA,1.5,1.5,"Yes",NA,NA,NA,NA
NA,NA,2008-04-29 09:15:00,"Hallwood","Hallwood 2 RL","Continue trapping","Not recorded","Not recorded",NA,1.5,1.5,"Yes",NA,NA,NA,NA
NA,NA,2008-04-30 10:56:00,"Hallwood","Hallwood 2 RL","Continue trapping","Not recorded","Not recorded",NA,1.60000002384186,1.5,"Yes",NA,NA,NA,NA
NA,NA,2008-05-01 09:47:00,"Hallwood","Hallwood 2 RL","Continue trapping","Not recorded","Not recorded",NA,2.09999990463257,2.09999990463257,"Yes",NA,NA,NA,NA
NA,NA,2008-05-02 09:00:00,"Hallwood","Hallwood 2 RL","Continue trapping","Not recorded","Not recorded",NA,2,2,"Yes",NA,NA,NA,NA
NA,NA,2008-05-03 09:25:00,"Hallwood","Hallwood 2 RL","Continue trapping","Not recorded","Not recorded",NA,2.29999995231628,2.29999995231628,"Yes",NA,NA,NA,NA
NA,NA,2008-05-04 11:46:00,"Hallwood","Hallwood 2 RL","Continue trapping","Not recorded","Not recorded",NA,2.09999990463257,2.09999990463257,"Yes",NA,NA,NA,NA
NA,NA,2008-05-05 09:35:00,"Hallwood","Hallwood 2 RL","Continue trapping","Not recorded","Not recorded",NA,2,2.09999990463257,"Yes",NA,NA,NA,NA
NA,NA,2008-05-06 11:11:00,"Hallwood","Hallwood 2 RL","Continue trapping","Not recorded","Not recorded",NA,2,2.09999990463257,"Yes",NA,NA,NA,NA
NA,NA,2008-05-07 09:44:00,"Hallwood","Hallwood 2 RL","Continue trapping","Not recorded","Not recorded",NA,2,2.09999990463257,"Yes",NA,NA,NA,NA
NA,NA,2008-05-08 09:50:00,"Hallwood","Hallwood 2 RL","Continue trapping","Not recorded","Not recorded",NA,2.09999990463257,2.20000004768372,"Yes",NA,NA,NA,NA
NA,NA,2008-05-09 09:30:00,"Hallwood","Hallwood 2 RL","Continue trapping","Not recorded","Not recorded",NA,2.09999990463257,2.09999990463257,"Yes",NA,NA,NA,NA
NA,NA,2008-05-10 09:39:00,"Hallwood","Hallwood 2 RL","Continue trapping","Not recorded","Not recorded",NA,2,2.09999990463257,"Yes",NA,NA,NA,NA
NA,NA,2008-05-11 10:37:00,"Hallwood","Hallwood 2 RL","Continue trapping","Not recorded","Not recorded",NA,1.70000004768372,1.60000002384186,"Yes",NA,NA,NA,NA
NA,NA,2008-05-12 09:23:00,"Hallwood","Hallwood 2 RL","Continue trapping","Not recorded","Not recorded",NA,1.5,1.60000002384186,"Yes",NA,NA,NA,NA
NA,NA,2008-05-13 11:48:00,"Hallwood","Hallwood 2 RL","Continue trapping","Not recorded","Not recorded",NA,1.89999997615814,1.70000004768372,"Yes",NA,NA,NA,NA
NA,NA,2008-05-14 07:34:00,"Hallwood","Hallwood 2 RL","Continue trapping","Not recorded","Not recorded",NA,2.09999990463257,2.09999990463257,"Yes",NA,NA,NA,NA
NA,NA,2008-05-15 14:04:00,"Hallwood","Hallwood 2 RL","Continue trapping","Not recorded","Not recorded",NA,1.60000002384186,1.60000002384186,"Yes",NA,NA,NA,NA
NA,NA,2008-05-16 08:10:00,"Hallwood","Hallwood 2 RL","Continue trapping","Not recorded","Not recorded",NA,1.70000004768372,1.79999995231628,"Yes",NA,NA,NA,NA
NA,NA,2008-05-17 10:32:00,"Hallwood","Hallwood 2 RL","Continue trapping","Not recorded","Not recorded",NA,1.29999995231628,1.89999997615814,"Yes",NA,NA,NA,NA
NA,NA,2008-05-18 08:26:00,"Hallwood","Hallwood 2 RL","Continue trapping","Not recorded","Not recorded",NA,1.60000002384186,1.70000004768372,"Yes",NA,NA,NA,NA
NA,NA,2008-05-20 09:10:00,"Hallwood","Hallwood 2 RL","Continue trapping","Not recorded","Not recorded",NA,1.60000002384186,1.79999995231628,"Yes",NA,NA,NA,NA
NA,NA,2008-05-22 08:24:00,"Hallwood","Hallwood 2 RL","Continue trapping","Not recorded","Not recorded",NA,1.70000004768372,1.60000002384186,"Yes",NA,NA,NA,NA
NA,NA,2008-05-23 07:50:00,"Hallwood","Hallwood 2 RL","Continue trapping","Not recorded","Not recorded",NA,1.70000004768372,1.79999995231628,"Yes",NA,NA,NA,NA
NA,NA,2008-05-24 11:15:00,"Hallwood","Hallwood 2 RL","Continue trapping","Not recorded","Not recorded",NA,2,1.5,"Yes",NA,NA,NA,NA
NA,NA,2008-05-25 12:16:00,"Hallwood","Hallwood 2 RL","Continue trapping","Not recorded","Not recorded",NA,1.79999995231628,1.79999995231628,"Yes",NA,NA,NA,NA
NA,NA,2008-05-26 09:23:00,"Hallwood","Hallwood 2 RL","Continue trapping","Not recorded","Not recorded",NA,1.60000002384186,1.79999995231628,"Yes",NA,NA,NA,NA
NA,NA,2008-05-27 08:43:00,"Hallwood","Hallwood 2 RL","Continue trapping","Not recorded","Not recorded",NA,1.70000004768372,1.70000004768372,"Yes",NA,NA,NA,NA
NA,NA,2008-05-28 08:18:00,"Hallwood","Hallwood 2 RL","Continue trapping","Not recorded","Not recorded",NA,1.70000004768372,1.79999995231628,"Yes",NA,NA,NA,NA
NA,NA,2008-05-29 10:52:00,"Hallwood","Hallwood 2 RL","Continue trapping","Not recorded","Not recorded",NA,1.60000002384186,1.79999995231628,"Yes",NA,NA,NA,NA
NA,NA,2008-05-30 08:31:00,"Hallwood","Hallwood 2 RL","Continue trapping","Not recorded","Not recorded",NA,1,1.10000002384186,"Yes",NA,NA,NA,NA
NA,NA,2008-05-31 09:40:00,"Hallwood","Hallwood 2 RL","Continue trapping","Not recorded","Not recorded",NA,1.5,1.5,"Yes",NA,NA,NA,NA
NA,NA,2008-06-01 10:10:00,"Hallwood","Hallwood 2 RL","Continue trapping","Not recorded","Not recorded",NA,1.20000004768372,1.29999995231628,"Yes",NA,NA,NA,NA
NA,NA,2008-06-02 09:52:00,"Hallwood","Hallwood 2 RL","Continue trapping","Not recorded","Not recorded",NA,0.600000023841858,0.5,"Yes",NA,NA,NA,NA
NA,NA,2008-06-03 10:29:00,"Hallwood","Hallwood 2 RL","Continue trapping","Not recorded","Not recorded",NA,0.400000005960464,0.300000011920929,"Yes",NA,NA,NA,NA
NA,NA,2008-06-04 09:13:00,"Hallwood","Hallwood 2 RL","Continue trapping","Not recorded","Not recorded",NA,0.5,0.400000005960464,"Yes",NA,NA,NA,NA
NA,NA,2008-06-06 09:03:00,"Hallwood","Hallwood 2 RL","Continue trapping","Not recorded","Not recorded",NA,0.699999988079071,0.800000011920929,"Yes",NA,NA,NA,NA
NA,NA,2008-06-07 09:58:00,"Hallwood","Hallwood 2 RL","Continue trapping","Not recorded","Not recorded",NA,0.600000023841858,0.600000023841858,"Yes",NA,NA,NA,NA
NA,NA,2008-06-08 10:18:00,"Hallwood","Hallwood 2 RL","Continue trapping","Not recorded","Not recorded",NA,0.5,0.600000023841858,"Yes",NA,NA,NA,NA
NA,NA,2008-06-09 09:45:00,"Hallwood","Hallwood 2 RL","Continue trapping","Not recorded","Not recorded",NA,0.600000023841858,0.600000023841858,"Yes",NA,NA,NA,NA
NA,NA,2008-06-13 09:13:00,"Hallwood","Hallwood 2 RL","Continue trapping","Not recorded","Not recorded",NA,0.600000023841858,0.699999988079071,"Yes",NA,NA,NA,NA
NA,NA,2008-06-17 09:32:00,"Hallwood","Hallwood 2 RL","Continue trapping","Not recorded","Not recorded",NA,0.5,0.600000023841858,"Yes",NA,NA,NA,NA
NA,NA,2008-07-01 09:33:00,"Hallwood","Hallwood 2 RL","Continue trapping","Not recorded","Not recorded",NA,0.300000011920929,0.300000011920929,"Yes",NA,NA,NA,NA
NA,NA,2008-09-13 08:54:00,"Hallwood","Hallwood 2 RL","Continue trapping","Not recorded","Not recorded",NA,0.5,0.699999988079071,"Yes",NA,NA,NA,NA
NA,NA,2008-09-18 07:57:00,"Hallwood","Hallwood 2 RL","Continue trapping","Not recorded","Not recorded",NA,0.899999976158142,1.10000002384186,"Yes",NA,NA,NA,NA
NA,NA,2008-09-19 09:01:00,"Hallwood","Hallwood 2 RL","Continue trapping","Not recorded","Not recorded",NA,0.600000023841858,0.899999976158142,"Yes",NA,NA,NA,NA
NA,NA,2008-09-23 08:48:00,"Hallwood","Hallwood 2 RL","Continue trapping","Not recorded","Not recorded",NA,0.600000023841858,0.600000023841858,"Yes",NA,NA,NA,NA
NA,NA,2008-10-02 08:45:00,"Hallwood","Hallwood 2 RL","Continue trapping","Not recorded","Not recorded",NA,0.600000023841858,0.899999976158142,"Yes",NA,NA,NA,NA
NA,NA,2008-11-27 09:40:00,"Hallwood","Hallwood 2 RL","Continue trapping","Not recorded","Not recorded",NA,0.200000002980232,0.300000011920929,"Yes",NA,NA,NA,NA
NA,NA,2008-11-28 09:15:00,"Hallwood","Hallwood 2 RL","Continue trapping","Not recorded","Not recorded",NA,0.100000001490116,0.100000001490116,"Yes",NA,NA,NA,NA
NA,NA,2008-11-30 09:18:00,"Hallwood","Hallwood 2 RL","Continue trapping","Not recorded","Not recorded",NA,0.400000005960464,0.300000011920929,"Yes",NA,NA,NA,NA
NA,NA,2008-12-01 09:10:00,"Hallwood","Hallwood 2 RL","Continue trapping","Not recorded","Not recorded",NA,0.600000023841858,0.5,"Yes",NA,NA,NA,NA
NA,NA,2008-12-02 10:16:00,"Hallwood","Hallwood 2 RL","Continue trapping","Not recorded","Not recorded",NA,0.400000005960464,0.100000001490116,"Yes",NA,NA,NA,NA
NA,NA,2008-12-03 10:07:00,"Hallwood","Hallwood 2 RL","Continue trapping","Not recorded","Not recorded",NA,0.5,0.100000001490116,"Yes",NA,NA,NA,NA
NA,NA,2008-12-04 11:28:00,"Hallwood","Hallwood 2 RL","Continue trapping","Not recorded","Not recorded",NA,0.400000005960464,0.100000001490116,"Yes",NA,NA,NA,NA
NA,NA,2008-12-05 13:04:00,"Hallwood","Hallwood 2 RL","Continue trapping","Not recorded","Not recorded",NA,0.100000001490116,0.100000001490116,"Yes",NA,NA,NA,NA
NA,NA,2008-12-06 09:43:00,"Hallwood","Hallwood 2 RL","Continue trapping","Not recorded","Not recorded",NA,0.400000005960464,0.200000002980232,"Yes",NA,NA,NA,NA
NA,NA,2008-12-07 09:03:00,"Hallwood","Hallwood 2 RL","Continue trapping","Not recorded","Not recorded",NA,0.400000005960464,0.300000011920929,"Yes",NA,NA,NA,NA
NA,NA,2008-12-08 09:12:00,"Hallwood","Hallwood 2 RL","Continue trapping","Not recorded","Not recorded",NA,0.400000005960464,0.400000005960464,"Yes",NA,NA,NA,NA
NA,NA,2008-12-09 09:26:00,"Hallwood","Hallwood 2 RL","Continue trapping","Not recorded","Not recorded",NA,0.400000005960464,0.100000001490116,"Yes",NA,NA,NA,NA
NA,NA,2008-12-10 09:00:00,"Hallwood","Hallwood 2 RL","Continue trapping","Not recorded","Not recorded",NA,0.100000001490116,0.200000002980232,"Yes",NA,NA,NA,NA
NA,NA,2008-12-11 09:44:00,"Hallwood","Hallwood 2 RL","Continue trapping","Not recorded","Not recorded",NA,0.100000001490116,0.300000011920929,"Yes",NA,NA,NA,NA
NA,NA,2008-12-12 10:55:00,"Hallwood","Hallwood 2 RL","Continue trapping","Not recorded","Not recorded",NA,0.600000023841858,0,"Yes",NA,NA,NA,NA
NA,NA,2008-12-13 09:02:00,"Hallwood","Hallwood 2 RL","Continue trapping","Not recorded","Not recorded",NA,0.400000005960464,0.200000002980232,"Yes",NA,NA,NA,NA
NA,NA,2008-12-14 09:33:00,"Hallwood","Hallwood 2 RL","Continue trapping","Not recorded","Not recorded",NA,0.5,0.5,"Yes",NA,NA,NA,NA
NA,NA,2008-12-15 09:10:00,"Hallwood","Hallwood 2 RL","Continue trapping","Not recorded","Not recorded",NA,0.5,0.400000005960464,"Yes",NA,NA,NA,NA
NA,NA,2008-12-16 10:22:00,"Hallwood","Hallwood 2 RL","Continue trapping","Not recorded","Not recorded",NA,0.5,0.400000005960464,"Yes",NA,NA,NA,NA
NA,NA,2008-12-17 08:58:00,"Hallwood","Hallwood 2 RL","Continue trapping","Not recorded","Not recorded",NA,0.699999988079071,0.600000023841858,"Yes",NA,NA,NA,NA
NA,NA,2008-12-18 08:20:00,"Hallwood","Hallwood 2 RL","Continue trapping","Not recorded","Not recorded",NA,0.300000011920929,0.200000002980232,"Yes",NA,NA,NA,NA
NA,NA,2008-12-19 09:00:00,"Hallwood","Hallwood 2 RL","Continue trapping","Not recorded","Not recorded",NA,0.100000001490116,0.200000002980232,"Yes",NA,NA,NA,NA
NA,NA,2008-12-20 09:08:00,"Hallwood","Hallwood 2 RL","Continue trapping","Not recorded","Not recorded",NA,0.200000002980232,0.200000002980232,"Yes",NA,NA,NA,NA
NA,NA,2008-12-21 09:52:00,"Hallwood","Hallwood 2 RL","Continue trapping","Not recorded","Not recorded",NA,0.400000005960464,0.300000011920929,"Yes",NA,NA,NA,NA
NA,NA,2008-12-22 09:55:00,"Hallwood","Hallwood 2 RL","Continue trapping","Not recorded","Not recorded",NA,0.400000005960464,0.699999988079071,"Yes",NA,NA,NA,NA
NA,NA,2008-12-23 09:49:00,"Hallwood","Hallwood 2 RL","Continue trapping","Not recorded","Not recorded",NA,0,0.200000002980232,"Yes",NA,NA,NA,NA
NA,NA,2008-12-24 10:11:00,"Hallwood","Hallwood 2 RL","Continue trapping","Not recorded","Not recorded",NA,0.5,0.600000023841858,"Yes",NA,NA,NA,NA
NA,NA,2008-12-25 10:18:00,"Hallwood","Hallwood 2 RL","Continue trapping","Not recorded","Not recorded",NA,0.600000023841858,1.89999997615814,"Yes",NA,NA,NA,NA
NA,NA,2008-12-26 10:27:00,"Hallwood","Hallwood 2 RL","Continue trapping","Not recorded","Not recorded",NA,0.300000011920929,1,"Yes",NA,NA,NA,NA
NA,NA,2008-12-27 10:04:00,"Hallwood","Hallwood 2 RL","Continue trapping","Not recorded","Not recorded",NA,0.899999976158142,0.899999976158142,"Yes",NA,NA,NA,NA
NA,NA,2008-12-28 10:03:00,"Hallwood","Hallwood 2 RL","Continue trapping","Not recorded","Not recorded",NA,0.800000011920929,0.800000011920929,"Yes",NA,NA,NA,NA
NA,NA,2008-12-29 09:55:00,"Hallwood","Hallwood 2 RL","Continue trapping","Not recorded","Not recorded",NA,0.899999976158142,0.800000011920929,"Yes",NA,NA,NA,NA
NA,NA,2008-12-30 08:50:00,"Hallwood","Hallwood 2 RL","Continue trapping","Not recorded","Not recorded",NA,0,0.600000023841858,"Yes",NA,NA,NA,NA
NA,NA,2008-12-31 09:25:00,"Hallwood","Hallwood 2 RL","Continue trapping","Not recorded","Not recorded",NA,0.600000023841858,0.100000001490116,"Yes",NA,NA,NA,NA
NA,NA,2009-01-01 09:50:00,"Hallwood","Hallwood 2 RL","Continue trapping","Not recorded","Not recorded",NA,0.100000001490116,0.100000001490116,"Yes",NA,NA,NA,NA
NA,NA,2009-01-02 09:00:00,"Hallwood","Hallwood 2 RL","Continue trapping","Not recorded","Not recorded",NA,0.600000023841858,0.5,"Yes",NA,NA,NA,NA
NA,NA,2009-01-03 10:04:00,"Hallwood","Hallwood 2 RL","Continue trapping","Not recorded","Not recorded",NA,0.400000005960464,0.400000005960464,"Yes",NA,NA,NA,NA
NA,NA,2009-01-04 10:23:00,"Hallwood","Hallwood 2 RL","Continue trapping","Not recorded","Not recorded",NA,0.600000023841858,0.200000002980232,"Yes",NA,NA,NA,NA
NA,NA,2009-01-05 09:59:00,"Hallwood","Hallwood 2 RL","Continue trapping","Not recorded","Not recorded",NA,0.600000023841858,0.600000023841858,"Yes",NA,NA,NA,NA
NA,NA,2009-01-06 09:15:00,"Hallwood","Hallwood 2 RL","Continue trapping","Not recorded","Not recorded",NA,0.5,0.600000023841858,"Yes",NA,NA,NA,NA
NA,NA,2009-01-07 09:25:00,"Hallwood","Hallwood 2 RL","Continue trapping","Not recorded","Not recorded",NA,0.400000005960464,0.400000005960464,"Yes",NA,NA,NA,NA
NA,NA,2009-01-08 11:40:00,"Hallwood","Hallwood 2 RL","Continue trapping","Not recorded","Not recorded",NA,0.400000005960464,0.200000002980232,"Yes",NA,NA,NA,NA
NA,NA,2009-01-09 10:00:00,"Hallwood","Hallwood 2 RL","Continue trapping","Not recorded","Not recorded",NA,0.300000011920929,0.300000011920929,"Yes",NA,NA,NA,NA
NA,NA,2009-01-10 10:39:00,"Hallwood","Hallwood 2 RL","Continue trapping","Not recorded","Not recorded",NA,0.5,0.600000023841858,"Yes",NA,NA,NA,NA
NA,NA,2009-01-11 10:46:00,"Hallwood","Hallwood 2 RL","Continue trapping","Not recorded","Not recorded",NA,0.600000023841858,0.400000005960464,"Yes",NA,NA,NA,NA
NA,NA,2009-01-12 09:45:00,"Hallwood","Hallwood 2 RL","Continue trapping","Not recorded","Not recorded",NA,0.400000005960464,0.300000011920929,"Yes",NA,NA,NA,NA
NA,NA,2009-01-13 09:18:00,"Hallwood","Hallwood 2 RL","Continue trapping","Not recorded","Not recorded",NA,0.600000023841858,0,"Yes",NA,NA,NA,NA
NA,NA,2009-01-14 09:05:00,"Hallwood","Hallwood 2 RL","Continue trapping","Not recorded","Not recorded",NA,0,0.300000011920929,"Yes",NA,NA,NA,NA
NA,NA,2009-01-15 09:37:00,"Hallwood","Hallwood 2 RL","Continue trapping","Not recorded","Not recorded",NA,0.699999988079071,0.200000002980232,"Yes",NA,NA,NA,NA
NA,NA,2009-01-16 09:45:00,"Hallwood","Hallwood 2 RL","Continue trapping","Not recorded","Not recorded",NA,0.300000011920929,0.600000023841858,"Yes",NA,NA,NA,NA
NA,NA,2009-01-17 11:08:00,"Hallwood","Hallwood 2 RL","Continue trapping","Not recorded","Not recorded",NA,0.600000023841858,0.100000001490116,"Yes",NA,NA,NA,NA
NA,NA,2009-01-18 10:39:00,"Hallwood","Hallwood 2 RL","Continue trapping","Not recorded","Not recorded",NA,0.400000005960464,0.200000002980232,"Yes",NA,NA,NA,NA
NA,NA,2009-01-19 10:30:00,"Hallwood","Hallwood 2 RL","Continue trapping","Not recorded","Not recorded",NA,0.400000005960464,0.5,"Yes",NA,NA,NA,NA
NA,NA,2009-01-20 09:29:00,"Hallwood","Hallwood 2 RL","Continue trapping","Not recorded","Not recorded",NA,0.300000011920929,0,"Yes",NA,NA,NA,NA
NA,NA,2009-01-21 09:20:00,"Hallwood","Hallwood 2 RL","Continue trapping","Not recorded","Not recorded",NA,0.400000005960464,0.200000002980232,"Yes",NA,NA,NA,NA
NA,NA,2009-01-22 08:58:00,"Hallwood","Hallwood 2 RL","Continue trapping","Not recorded","Not recorded",NA,0.300000011920929,0.5,"Yes",NA,NA,NA,NA
NA,NA,2009-01-23 09:52:00,"Hallwood","Hallwood 2 RL","Continue trapping","Not recorded","Not recorded",NA,0.800000011920929,0.800000011920929,"Yes",NA,NA,NA,NA
NA,NA,2009-01-24 11:08:00,"Hallwood","Hallwood 2 RL","Continue trapping","Not recorded","Not recorded",NA,0,1.20000004768372,"Yes",NA,NA,NA,NA
NA,NA,2009-01-25 10:36:00,"Hallwood","Hallwood 2 RL","Continue trapping","Not recorded","Not recorded",NA,0.899999976158142,1.10000002384186,"Yes",NA,NA,NA,NA
NA,NA,2009-01-26 09:49:00,"Hallwood","Hallwood 2 RL","Continue trapping","Not recorded","Not recorded",NA,0.699999988079071,1,"Yes",NA,NA,NA,NA
NA,NA,2009-01-27 09:38:00,"Hallwood","Hallwood 2 RL","Continue trapping","Not recorded","Not recorded",NA,1,1,"Yes",NA,NA,NA,NA
NA,NA,2009-01-28 10:13:00,"Hallwood","Hallwood 2 RL","Continue trapping","Not recorded","Not recorded",NA,0.699999988079071,0.699999988079071,"Yes",NA,NA,NA,NA
NA,NA,2009-01-29 09:33:00,"Hallwood","Hallwood 2 RL","Continue trapping","Not recorded","Not recorded",NA,1,1,"Yes",NA,NA,NA,NA
NA,NA,2009-01-30 09:45:00,"Hallwood","Hallwood 2 RL","Continue trapping","Not recorded","Not recorded",NA,1,0.800000011920929,"Yes",NA,NA,NA,NA
NA,NA,2009-01-31 11:33:00,"Hallwood","Hallwood 2 RL","Continue trapping","Not recorded","Not recorded",NA,0.899999976158142,0.899999976158142,"Yes",NA,NA,NA,NA
NA,NA,2009-02-01 09:42:00,"Hallwood","Hallwood 2 RL","Continue trapping","Not recorded","Not recorded",NA,0.899999976158142,0.699999988079071,"Yes",NA,NA,NA,NA
NA,NA,2009-02-02 09:46:00,"Hallwood","Hallwood 2 RL","Continue trapping","Not recorded","Not recorded",NA,0.800000011920929,0.800000011920929,"Yes",NA,NA,NA,NA
NA,NA,2009-02-03 11:23:00,"Hallwood","Hallwood 2 RL","Continue trapping","Not recorded","Not recorded",NA,0.699999988079071,0.800000011920929,"Yes",NA,NA,NA,NA
NA,NA,2009-02-04 10:48:00,"Hallwood","Hallwood 2 RL","Continue trapping","Not recorded","Not recorded",NA,0.600000023841858,0.800000011920929,"Yes",NA,NA,NA,NA
NA,NA,2009-02-05 10:40:00,"Hallwood","Hallwood 2 RL","Continue trapping","Not recorded","Not recorded",NA,0.699999988079071,0.699999988079071,"Yes",NA,NA,NA,NA
NA,NA,2009-02-06 09:37:00,"Hallwood","Hallwood 2 RL","Continue trapping","Not recorded","Not recorded",NA,0.600000023841858,0.800000011920929,"Yes",NA,NA,NA,NA
NA,NA,2009-02-07 08:53:00,"Hallwood","Hallwood 2 RL","Continue trapping","Not recorded","Not recorded",NA,0.699999988079071,0.600000023841858,"Yes",NA,NA,NA,NA
NA,NA,2009-02-08 09:46:00,"Hallwood","Hallwood 2 RL","Continue trapping","Not recorded","Not recorded",NA,0.5,0.699999988079071,"Yes",NA,NA,NA,NA
NA,NA,2009-02-09 09:11:00,"Hallwood","Hallwood 2 RL","Continue trapping","Not recorded","Not recorded",NA,0.5,0.800000011920929,"Yes",NA,NA,NA,NA
NA,NA,2009-02-10 09:15:00,"Hallwood","Hallwood 2 RL","Continue trapping","Not recorded","Not recorded",NA,0.5,0.600000023841858,"Yes",NA,NA,NA,NA
NA,NA,2009-02-11 09:38:00,"Hallwood","Hallwood 2 RL","Continue trapping","Not recorded","Not recorded",NA,0.600000023841858,0.899999976158142,"Yes",NA,NA,NA,NA
NA,NA,2009-02-12 10:00:00,"Hallwood","Hallwood 2 RL","Continue trapping","Not recorded","Not recorded",NA,0.899999976158142,1,"Yes",NA,NA,NA,NA
NA,NA,2009-02-13 09:00:00,"Hallwood","Hallwood 2 RL","Continue trapping","Not recorded","Not recorded",NA,0.800000011920929,1,"Yes",NA,NA,NA,NA
NA,NA,2009-02-14 11:18:00,"Hallwood","Hallwood 2 RL","Continue trapping","Not recorded","Not recorded",NA,0.300000011920929,1.29999995231628,"Yes",NA,NA,NA,NA
NA,NA,2009-02-15 10:57:00,"Hallwood","Hallwood 2 RL","Continue trapping","Not recorded","Not recorded",NA,1,1.20000004768372,"Yes",NA,NA,NA,NA
NA,NA,2009-02-16 09:24:00,"Hallwood","Hallwood 2 RL","Continue trapping","Not recorded","Not recorded",NA,1.39999997615814,1.5,"Yes",NA,NA,NA,NA
NA,NA,2009-02-17 09:57:00,"Hallwood","Hallwood 2 RL","Continue trapping","Not recorded","Not recorded",NA,0.100000001490116,1.70000004768372,"Yes",NA,NA,NA,NA
NA,NA,2009-02-18 11:16:00,"Hallwood","Hallwood 2 RL","Continue trapping","Not recorded","Not recorded",NA,0.100000001490116,2.29999995231628,"Yes",NA,NA,NA,NA
NA,NA,2009-02-19 10:26:00,"Hallwood","Hallwood 2 RL","Continue trapping","Not recorded","Not recorded",NA,1,1.60000002384186,"Yes",NA,NA,NA,NA
NA,NA,2009-02-20 09:59:00,"Hallwood","Hallwood 2 RL","Continue trapping","Not recorded","Not recorded",NA,1.20000004768372,1.5,"Yes",NA,NA,NA,NA
NA,NA,2009-02-21 09:08:00,"Hallwood","Hallwood 2 RL","Continue trapping","Not recorded","Not recorded",NA,1.29999995231628,1.29999995231628,"Yes",NA,NA,NA,NA
NA,NA,2009-02-22 09:47:00,"Hallwood","Hallwood 2 RL","Continue trapping","Not recorded","Not recorded",NA,1.29999995231628,1.60000002384186,"Yes",NA,NA,NA,NA
NA,NA,2009-02-23 09:59:00,"Hallwood","Hallwood 2 RL","Unplanned restart","Not recorded","Not recorded",NA,2.59999990463257,3.59999990463257,"Yes",NA,NA,NA,NA
NA,NA,2009-04-17 09:45:00,"Hallwood","Hallwood 2 RL","Continue trapping","Not recorded","Not recorded",NA,1.60000002384186,2.20000004768372,"Yes",NA,NA,NA,NA
NA,NA,2009-04-18 09:55:00,"Hallwood","Hallwood 2 RL","Continue trapping","Not recorded","Not recorded",NA,1.70000004768372,2,"Yes",NA,NA,NA,NA
NA,NA,2009-04-19 08:45:00,"Hallwood","Hallwood 2 RL","Continue trapping","Not recorded","Not recorded",NA,1,1.79999995231628,"Yes",NA,NA,NA,NA
NA,NA,2009-04-20 09:17:00,"Hallwood","Hallwood 2 RL","Continue trapping","Not recorded","Not recorded",NA,1.79999995231628,2.09999990463257,"Yes",NA,NA,NA,NA
NA,NA,2009-04-21 08:55:00,"Hallwood","Hallwood 2 RL","Continue trapping","Not recorded","Not recorded",NA,1.79999995231628,1.89999997615814,"Yes",NA,NA,NA,NA
NA,NA,2009-04-22 10:24:00,"Hallwood","Hallwood 2 RL","Continue trapping","Not recorded","Not recorded",NA,1.60000002384186,1.89999997615814,"Yes",NA,NA,NA,NA
NA,NA,2009-04-23 09:42:00,"Hallwood","Hallwood 2 RL","Continue trapping","Not recorded","Not recorded",NA,1.39999997615814,1.60000002384186,"Yes",NA,NA,NA,NA
NA,NA,2009-04-24 09:43:00,"Hallwood","Hallwood 2 RL","Continue trapping","Not recorded","Not recorded",NA,1.60000002384186,1.5,"Yes",NA,NA,NA,NA
NA,NA,2009-04-25 11:18:00,"Hallwood","Hallwood 2 RL","Continue trapping","Not recorded","Not recorded",NA,1.39999997615814,1.29999995231628,"Yes",NA,NA,NA,NA
NA,NA,2009-04-26 09:43:00,"Hallwood","Hallwood 2 RL","Continue trapping","Not recorded","Not recorded",NA,1.29999995231628,1.39999997615814,"Yes",NA,NA,NA,NA
NA,NA,2009-05-14 10:52:00,"Hallwood","Hallwood 2 RL","Continue trapping","Not recorded","Not recorded",NA,1.70000004768372,2,"Yes",NA,NA,NA,NA
NA,NA,2009-05-15 09:14:00,"Hallwood","Hallwood 2 RL","Continue trapping","Not recorded","Not recorded",NA,1.60000002384186,1.29999995231628,"Yes",NA,NA,NA,NA
NA,NA,2009-05-16 11:14:00,"Hallwood","Hallwood 2 RL","Continue trapping","Not recorded","Not recorded",NA,0.899999976158142,0.899999976158142,"Yes",NA,NA,NA,NA
NA,NA,2009-05-17 08:41:00,"Hallwood","Hallwood 2 RL","Continue trapping","Not recorded","Not recorded",NA,0.600000023841858,0.600000023841858,"Yes",NA,NA,NA,NA
NA,NA,2009-05-18 11:05:00,"Hallwood","Hallwood 2 RL","Continue trapping","Not recorded","Not recorded",NA,0,0,"Yes",NA,NA,NA,NA
NA,NA,2009-05-19 10:05:00,"Hallwood","Hallwood 2 RL","Continue trapping","Not recorded","Not recorded",NA,1,2.90000009536743,"Yes",NA,NA,NA,NA
NA,NA,2009-05-20 08:52:00,"Hallwood","Hallwood 2 RL","Continue trapping","Not recorded","Not recorded",NA,2.79999995231628,2,"Yes",NA,NA,NA,NA
NA,NA,2009-05-21 09:10:00,"Hallwood","Hallwood 2 RL","Continue trapping","Not recorded","Not recorded",NA,2.79999995231628,3,"Yes",NA,NA,NA,NA
NA,NA,2009-05-22 10:36:00,"Hallwood","Hallwood 2 RL","Continue trapping","Not recorded","Not recorded",NA,NA,NA,"Yes",NA,NA,NA,NA
NA,NA,2009-05-23 09:20:00,"Hallwood","Hallwood 2 RL","Continue trapping","Not recorded","Not recorded",NA,2.40000009536743,2.79999995231628,"Yes",NA,NA,NA,NA
NA,NA,2009-05-24 11:31:00,"Hallwood","Hallwood 2 RL","Continue trapping","Not recorded","Not recorded",NA,1.70000004768372,2.90000009536743,"Yes",NA,NA,NA,NA
NA,NA,2009-05-25 08:58:00,"Hallwood","Hallwood 2 RL","Continue trapping","Not recorded","Not recorded",NA,2.59999990463257,1.70000004768372,"Yes",NA,NA,NA,NA
NA,NA,2009-05-26 09:20:00,"Hallwood","Hallwood 2 RL","Continue trapping","Not recorded","Not recorded",NA,2.59999990463257,2.79999995231628,"Yes",NA,NA,NA,NA
NA,NA,2009-05-27 10:50:00,"Hallwood","Hallwood 2 RL","Continue trapping","Not recorded","Not recorded",NA,2.79999995231628,NA,"Yes",NA,NA,NA,NA
NA,NA,2009-05-28 09:00:00,"Hallwood","Hallwood 2 RL","Continue trapping","Not recorded","Not recorded",NA,3.20000004768372,3.40000009536743,"Yes",NA,NA,NA,NA
NA,NA,2009-05-29 09:34:00,"Hallwood","Hallwood 2 RL","Continue trapping","Not recorded","Not recorded",NA,1.29999995231628,1.70000004768372,"Yes",NA,NA,NA,NA
NA,NA,2009-05-30 10:50:00,"Hallwood","Hallwood 2 RL","Continue trapping","Not recorded","Not recorded",NA,0.899999976158142,1,"Yes",NA,NA,NA,NA
NA,NA,2009-05-31 12:14:00,"Hallwood","Hallwood 2 RL","Continue trapping","Not recorded","Not recorded",NA,0.5,0.800000011920929,"Yes",NA,NA,NA,NA
NA,NA,2009-06-01 09:34:00,"Hallwood","Hallwood 2 RL","Continue trapping","Not recorded","Not recorded",NA,0.400000005960464,0.5,"Yes",NA,NA,NA,NA
NA,NA,2009-06-02 09:14:00,"Hallwood","Hallwood 2 RL","Continue trapping","Not recorded","Not recorded",NA,0.5,1.79999995231628,"Yes",NA,NA,NA,NA
NA,NA,2009-06-03 09:39:00,"Hallwood","Hallwood 2 RL","Continue trapping","Not recorded","Not recorded",NA,2,2.20000004768372,"Yes",NA,NA,NA,NA
NA,NA,2009-06-04 09:19:00,"Hallwood","Hallwood 2 RL","Continue trapping","Not recorded","Not recorded",NA,2.09999990463257,2.09999990463257,"Yes",NA,NA,NA,NA
NA,NA,2009-06-05 10:45:00,"Hallwood","Hallwood 2 RL","Continue trapping","Not recorded","Not recorded",NA,2,2,"Yes",NA,NA,NA,NA
NA,NA,2009-06-06 12:06:00,"Hallwood","Hallwood 2 RL","Continue trapping","Not recorded","Not recorded",NA,2.20000004768372,2.29999995231628,"Yes",NA,NA,NA,NA
NA,NA,2009-06-07 09:02:00,"Hallwood","Hallwood 2 RL","Continue trapping","Not recorded","Not recorded",NA,2.20000004768372,2.20000004768372,"Yes",NA,NA,NA,NA
NA,NA,2009-06-08 09:45:00,"Hallwood","Hallwood 2 RL","Continue trapping","Not recorded","Not recorded",NA,2.40000009536743,2.40000009536743,"Yes",NA,NA,NA,NA
NA,NA,2009-06-09 09:32:00,"Hallwood","Hallwood 2 RL","Continue trapping","Not recorded","Not recorded",NA,2.20000004768372,2.09999990463257,"Yes",NA,NA,NA,NA
NA,NA,2009-06-10 09:16:00,"Hallwood","Hallwood 2 RL","Continue trapping","Not recorded","Not recorded",NA,2,2,"Yes",NA,NA,NA,NA
NA,NA,2009-06-11 09:31:00,"Hallwood","Hallwood 2 RL","Continue trapping","Not recorded","Not recorded",NA,2.20000004768372,2.09999990463257,"Yes",NA,NA,NA,NA
NA,NA,2009-06-12 09:20:00,"Hallwood","Hallwood 2 RL","Continue trapping","Not recorded","Not recorded",NA,2,2.29999995231628,"Yes",NA,NA,NA,NA
NA,NA,2009-06-13 08:57:00,"Hallwood","Hallwood 2 RL","Continue trapping","Not recorded","Not recorded",NA,2.09999990463257,2.20000004768372,"Yes",NA,NA,NA,NA
NA,NA,2009-06-14 11:16:00,"Hallwood","Hallwood 2 RL","Continue trapping","Not recorded","Not recorded",NA,1.89999997615814,1.89999997615814,"Yes",NA,NA,NA,NA
NA,NA,2009-06-15 11:55:00,"Hallwood","Hallwood 2 RL","Continue trapping","Not recorded","Not recorded",NA,1.60000002384186,1.89999997615814,"Yes",NA,NA,NA,NA
NA,NA,2009-06-16 10:26:00,"Hallwood","Hallwood 2 RL","Continue trapping","Not recorded","Not recorded",NA,1.70000004768372,1.79999995231628,"Yes",NA,NA,NA,NA
NA,NA,2009-06-17 08:45:00,"Hallwood","Hallwood 2 RL","Continue trapping","Not recorded","Not recorded",NA,1.70000004768372,1,"Yes",NA,NA,NA,NA
NA,NA,2009-06-18 10:40:00,"Hallwood","Hallwood 2 RL","Continue trapping","Not recorded","Not recorded",NA,0.899999976158142,0.600000023841858,"Yes",NA,NA,NA,NA
NA,NA,2009-06-19 10:25:00,"Hallwood","Hallwood 2 RL","Continue trapping","Not recorded","Not recorded",NA,0.600000023841858,0.600000023841858,"Yes",NA,NA,NA,NA
NA,NA,2009-06-20 10:16:00,"Hallwood","Hallwood 2 RL","Continue trapping","Not recorded","Not recorded",NA,0.5,0.300000011920929,"Yes",NA,NA,NA,NA
NA,NA,2009-06-21 10:36:00,"Hallwood","Hallwood 2 RL","Continue trapping","Not recorded","Not recorded",NA,0.100000001490116,0.300000011920929,"Yes",NA,NA,NA,NA
NA,NA,2009-06-22 09:50:00,"Hallwood","Hallwood 2 RL","Continue trapping","Not recorded","Not recorded",NA,0,0,"Yes",NA,NA,NA,NA
NA,NA,2009-06-23 10:21:00,"Hallwood","Hallwood 2 RL","Continue trapping","Not recorded","Not recorded",NA,0,0.899999976158142,"Yes",NA,NA,NA,NA
NA,NA,2009-06-24 08:40:00,"Hallwood","Hallwood 2 RL","Continue trapping","Not recorded","Not recorded",NA,0.800000011920929,1,"Yes",NA,NA,NA,NA
NA,NA,2009-06-26 10:11:00,"Hallwood","Hallwood 2 RL","Continue trapping","Not recorded","Not recorded",NA,0.5,0.5,"Yes",NA,NA,NA,NA
NA,NA,2009-06-27 10:11:00,"Hallwood","Hallwood 2 RL","Continue trapping","Not recorded","Not recorded",NA,0.300000011920929,0.600000023841858,"Yes",NA,NA,NA,NA
NA,NA,2009-06-28 11:50:00,"Hallwood","Hallwood 2 RL","Continue trapping","Not recorded","Not recorded",NA,0.5,0.5,"Yes",NA,NA,NA,NA
NA,NA,2009-07-01 10:10:00,"Hallwood","Hallwood 2 RL","Continue trapping","Not recorded","Not recorded",NA,0.300000011920929,1.10000002384186,"Yes",NA,NA,NA,NA
NA,NA,2009-07-02 08:55:00,"Hallwood","Hallwood 2 RL","Continue trapping","Not recorded","Not recorded",NA,0.899999976158142,1.29999995231628,"Yes",NA,NA,NA,NA
NA,NA,2009-07-03 09:32:00,"Hallwood","Hallwood 2 RL","Continue trapping","Not recorded","Not recorded",NA,0.200000002980232,0.200000002980232,"Yes",NA,NA,NA,NA
NA,NA,2009-07-04 10:41:00,"Hallwood","Hallwood 2 RL","Continue trapping","Not recorded","Not recorded",NA,0.400000005960464,0.400000005960464,"Yes",NA,NA,NA,NA
NA,NA,2009-07-06 09:00:00,"Hallwood","Hallwood 2 RL","Continue trapping","Not recorded","Not recorded",NA,0.100000001490116,0.5,"Yes",NA,NA,NA,NA
NA,NA,2009-07-09 08:59:00,"Hallwood","Hallwood 2 RL","Continue trapping","Not recorded","Not recorded",NA,0.400000005960464,0.800000011920929,"Yes",NA,NA,NA,NA
NA,NA,2009-07-12 10:39:00,"Hallwood","Hallwood 2 RL","Continue trapping","Not recorded","Not recorded",NA,1.20000004768372,1.29999995231628,"Yes",NA,NA,NA,NA
NA,NA,2009-07-20 08:39:00,"Hallwood","Hallwood 2 RL","Continue trapping","Not recorded","Not recorded",NA,1.89999997615814,1.79999995231628,"Yes",NA,NA,NA,NA
NA,NA,2009-07-22 08:58:00,"Hallwood","Hallwood 2 RL","Continue trapping","Not recorded","Not recorded",NA,1.79999995231628,1.79999995231628,"Yes",NA,NA,NA,NA
NA,NA,2009-07-28 10:15:00,"Hallwood","Hallwood 2 RL","Continue trapping","Not recorded","Not recorded",NA,3,3.20000004768372,"Yes",NA,NA,NA,NA
NA,NA,2009-07-31 08:25:00,"Hallwood","Hallwood 2 RL","Continue trapping","Not recorded","Not recorded",NA,2,1.79999995231628,"Yes",NA,NA,NA,NA
NA,NA,2009-08-06 09:41:00,"Hallwood","Hallwood 2 RL","Continue trapping","Not recorded","Not recorded",NA,1.39999997615814,1.60000002384186,"Yes",NA,NA,NA,NA
NA,NA,2009-08-07 08:43:00,"Hallwood","Hallwood 2 RL","Continue trapping","Not recorded","Not recorded",NA,2,1.60000002384186,"Yes",NA,NA,NA,NA
NA,NA,2009-08-15 09:39:00,"Hallwood","Hallwood 2 RL","Continue trapping","Not recorded","Not recorded",NA,2.70000004768372,3,"Yes",NA,NA,NA,NA
NA,NA,2009-08-18 10:54:00,"Hallwood","Hallwood 2 RL","Continue trapping","Not recorded","Not recorded",NA,2.40000009536743,2.40000009536743,"Yes",NA,NA,NA,NA
NA,NA,2006-11-18 09:45:00,"Hallwood","Hallwood 3","Continue trapping","Not recorded","Not recorded",NA,0,0,"Yes",NA,NA,NA,NA
NA,NA,2006-11-19 09:45:00,"Hallwood","Hallwood 3","Continue trapping","Not recorded","Not recorded",NA,0,0,"Yes",NA,NA,NA,NA
NA,NA,2006-11-20 09:30:00,"Hallwood","Hallwood 3","Continue trapping","Not recorded","Not recorded",NA,0.0500000007450581,0.0500000007450581,"Yes",NA,NA,NA,NA
NA,NA,2006-11-21 10:00:00,"Hallwood","Hallwood 3","Continue trapping","Not recorded","Not recorded",NA,0.0599999986588955,0.0599999986588955,"Yes",NA,NA,NA,NA
NA,NA,2006-11-22 09:30:00,"Hallwood","Hallwood 3","Continue trapping","Not recorded","Not recorded",NA,0.0299999993294477,0.0299999993294477,"Yes",NA,NA,NA,NA
NA,NA,2006-11-23 08:30:00,"Hallwood","Hallwood 3","Continue trapping","Not recorded","Not recorded",NA,0.0299999993294477,0.0299999993294477,"Yes",NA,NA,NA,NA
NA,NA,2006-11-24 10:00:00,"Hallwood","Hallwood 3","Continue trapping","Not recorded","Not recorded",NA,0.0299999993294477,0.0299999993294477,"Yes",NA,NA,NA,NA
NA,NA,2006-11-25 09:45:00,"Hallwood","Hallwood 3","Continue trapping","Not recorded","Not recorded",NA,0.0299999993294477,0.0299999993294477,"Yes",NA,NA,NA,NA
NA,NA,2006-11-26 09:30:00,"Hallwood","Hallwood 3","Continue trapping","Not recorded","Not recorded",NA,0,0,"Yes",NA,NA,NA,NA
NA,NA,2006-11-27 09:30:00,"Hallwood","Hallwood 3","Continue trapping","Not recorded","Not recorded",NA,0.949999988079071,0.949999988079071,"Yes",NA,NA,NA,NA
NA,NA,2006-11-28 08:30:00,"Hallwood","Hallwood 3","Continue trapping","Not recorded","Not recorded",NA,0.0799999982118607,0.0799999982118607,"Yes",NA,NA,NA,NA
NA,NA,2006-11-29 09:30:00,"Hallwood","Hallwood 3","Continue trapping","Not recorded","Not recorded",NA,0.129999995231628,0.129999995231628,"Yes",NA,NA,NA,NA
NA,NA,2006-11-30 09:30:00,"Hallwood","Hallwood 3","Continue trapping","Not recorded","Not recorded",NA,0.0799999982118607,0.0799999982118607,"Yes",NA,NA,NA,NA
NA,NA,2006-12-01 12:30:00,"Hallwood","Hallwood 3","Continue trapping","Not recorded","Not recorded",NA,0.0700000002980232,0.0700000002980232,"Yes",NA,NA,NA,NA
NA,NA,2006-12-02 09:30:00,"Hallwood","Hallwood 3","Continue trapping","Not recorded","Not recorded",NA,0.0199999995529652,0.0199999995529652,"Yes",NA,NA,NA,NA
NA,NA,2006-12-03 10:00:00,"Hallwood","Hallwood 3","Continue trapping","Not recorded","Not recorded",NA,0.0299999993294477,0.0299999993294477,"Yes",NA,NA,NA,NA
NA,NA,2006-12-04 09:30:00,"Hallwood","Hallwood 3","Continue trapping","Not recorded","Not recorded",NA,0.0799999982118607,0.0799999982118607,"Yes",NA,NA,NA,NA
NA,NA,2006-12-05 08:30:00,"Hallwood","Hallwood 3","Continue trapping","Not recorded","Not recorded",NA,0.0199999995529652,0.0199999995529652,"Yes",NA,NA,NA,NA
NA,NA,2006-12-06 11:30:00,"Hallwood","Hallwood 3","Continue trapping","Not recorded","Not recorded",NA,0.0399999991059303,0.0399999991059303,"Yes",NA,NA,NA,NA
NA,NA,2006-12-07 10:30:00,"Hallwood","Hallwood 3","Continue trapping","Not recorded","Not recorded",NA,0.0599999986588955,0.0599999986588955,"Yes",NA,NA,NA,NA
NA,NA,2006-12-08 09:30:00,"Hallwood","Hallwood 3","Continue trapping","Not recorded","Not recorded",NA,0.0500000007450581,0.0500000007450581,"Yes",NA,NA,NA,NA
NA,NA,2006-12-09 09:30:00,"Hallwood","Hallwood 3","Continue trapping","Not recorded","Not recorded",NA,0.100000001490116,0.100000001490116,"Yes",NA,NA,NA,NA
NA,NA,2006-12-10 09:45:00,"Hallwood","Hallwood 3","Continue trapping","Not recorded","Not recorded",NA,1.79999995231628,1.79999995231628,"Yes",NA,NA,NA,NA
NA,NA,2006-12-11 09:30:00,"Hallwood","Hallwood 3","Continue trapping","Not recorded","Not recorded",NA,0.709999978542328,0.709999978542328,"Yes",NA,NA,NA,NA
NA,NA,2006-12-12 09:30:00,"Hallwood","Hallwood 3","Continue trapping","Not recorded","Not recorded",NA,0.25,0.25,"Yes",NA,NA,NA,NA
NA,NA,2006-12-13 09:30:00,"Hallwood","Hallwood 3","Continue trapping","Not recorded","Not recorded",NA,0.579999983310699,0.579999983310699,"Yes",NA,NA,NA,NA
NA,NA,2006-12-14 08:30:00,"Hallwood","Hallwood 3","Continue trapping","Not recorded","Not recorded",NA,2.29999995231628,2.29999995231628,"Yes",NA,NA,NA,NA
NA,NA,2006-12-15 08:30:00,"Hallwood","Hallwood 3","Continue trapping","Not recorded","Not recorded",NA,0.370000004768372,0.370000004768372,"Yes",NA,NA,NA,NA
NA,NA,2006-12-16 09:30:00,"Hallwood","Hallwood 3","Continue trapping","Not recorded","Not recorded",NA,1.5,1.5,"Yes",NA,NA,NA,NA
NA,NA,2006-12-17 10:00:00,"Hallwood","Hallwood 3","Continue trapping","Not recorded","Not recorded",NA,0.400000005960464,0.400000005960464,"Yes",NA,NA,NA,NA
NA,NA,2006-12-18 09:30:00,"Hallwood","Hallwood 3","Continue trapping","Not recorded","Not recorded",NA,0.709999978542328,0.709999978542328,"Yes",NA,NA,NA,NA
NA,NA,2006-12-19 08:30:00,"Hallwood","Hallwood 3","Continue trapping","Not recorded","Not recorded",NA,0.300000011920929,0.300000011920929,"Yes",NA,NA,NA,NA
NA,NA,2006-12-20 11:00:00,"Hallwood","Hallwood 3","Continue trapping","Not recorded","Not recorded",NA,0.529999971389771,0.529999971389771,"Yes",NA,NA,NA,NA
NA,NA,2006-12-21 10:30:00,"Hallwood","Hallwood 3","Continue trapping","Not recorded","Not recorded",NA,0.349999994039536,0.349999994039536,"Yes",NA,NA,NA,NA
NA,NA,2006-12-22 10:00:00,"Hallwood","Hallwood 3","Continue trapping","Not recorded","Not recorded",NA,2.09999990463257,2.09999990463257,"Yes",NA,NA,NA,NA
NA,NA,2006-12-23 09:30:00,"Hallwood","Hallwood 3","Continue trapping","Not recorded","Not recorded",NA,2.40000009536743,2.40000009536743,"Yes",NA,NA,NA,NA
NA,NA,2006-12-24 12:00:00,"Hallwood","Hallwood 3","Continue trapping","Not recorded","Not recorded",NA,2.20000004768372,2.20000004768372,"Yes",NA,NA,NA,NA
NA,NA,2006-12-25 11:15:00,"Hallwood","Hallwood 3","Continue trapping","Not recorded","Not recorded",NA,2.20000004768372,2.20000004768372,"Yes",NA,NA,NA,NA
NA,NA,2006-12-26 10:00:00,"Hallwood","Hallwood 3","Continue trapping","Not recorded","Not recorded",NA,1.5,1.5,"Yes",NA,NA,NA,NA
NA,NA,2006-12-27 11:00:00,"Hallwood","Hallwood 3","Continue trapping","Not recorded","Not recorded",NA,1.70000004768372,1.70000004768372,"Yes",NA,NA,NA,NA
NA,NA,2006-12-28 09:30:00,"Hallwood","Hallwood 3","Continue trapping","Not recorded","Not recorded",NA,2.40000009536743,2.40000009536743,"Yes",NA,NA,NA,NA
NA,NA,2006-12-29 08:00:00,"Hallwood","Hallwood 3","Continue trapping","Not recorded","Not recorded",NA,4.59999990463257,4.59999990463257,"Yes",NA,NA,NA,NA
NA,NA,2006-12-30 09:00:00,"Hallwood","Hallwood 3","Continue trapping","Not recorded","Not recorded",NA,5.19999980926514,5.19999980926514,"Yes",NA,NA,NA,NA
NA,NA,2006-12-31 09:00:00,"Hallwood","Hallwood 3","Continue trapping","Not recorded","Not recorded",NA,4.19999980926514,4.19999980926514,"Yes",NA,NA,NA,NA
NA,NA,2007-01-01 10:00:00,"Hallwood","Hallwood 3","Continue trapping","Not recorded","Not recorded",NA,6,6,"Yes",NA,NA,NA,NA
NA,NA,2007-01-02 10:30:00,"Hallwood","Hallwood 3","Continue trapping","Not recorded","Not recorded",NA,5.80000019073486,5.80000019073486,"Yes",NA,NA,NA,NA
NA,NA,2007-01-03 10:00:00,"Hallwood","Hallwood 3","Continue trapping","Not recorded","Not recorded",NA,5.90000009536743,5.90000009536743,"Yes",NA,NA,NA,NA
NA,NA,2007-01-04 11:00:00,"Hallwood","Hallwood 3","Continue trapping","Not recorded","Not recorded",NA,6,6,"Yes",NA,NA,NA,NA
NA,NA,2007-01-05 09:30:00,"Hallwood","Hallwood 3","Continue trapping","Not recorded","Not recorded",NA,8,8,"Yes",NA,NA,NA,NA
NA,NA,2007-01-06 11:30:00,"Hallwood","Hallwood 3","Continue trapping","Not recorded","Not recorded",NA,7.5,7.5,"Yes",NA,NA,NA,NA
NA,NA,2007-01-07 11:15:00,"Hallwood","Hallwood 3","Continue trapping","Not recorded","Not recorded",NA,7.90000009536743,7.90000009536743,"Yes",NA,NA,NA,NA
NA,NA,2007-01-08 10:30:00,"Hallwood","Hallwood 3","Continue trapping","Not recorded","Not recorded",NA,8.5,8.5,"Yes",NA,NA,NA,NA
NA,NA,2007-01-09 09:30:00,"Hallwood","Hallwood 3","Continue trapping","Not recorded","Not recorded",NA,8.69999980926514,8.69999980926514,"Yes",NA,NA,NA,NA
NA,NA,2007-01-10 10:30:00,"Hallwood","Hallwood 3","Continue trapping","Not recorded","Not recorded",NA,8.5,8.5,"Yes",NA,NA,NA,NA
NA,NA,2007-01-11 10:00:00,"Hallwood","Hallwood 3","Continue trapping","Not recorded","Not recorded",NA,6.65999984741211,6.65999984741211,"Yes",NA,NA,NA,NA
NA,NA,2007-01-12 10:00:00,"Hallwood","Hallwood 3","Continue trapping","Not recorded","Not recorded",NA,7,7,"Yes",NA,NA,NA,NA
NA,NA,2007-01-13 10:30:00,"Hallwood","Hallwood 3","Continue trapping","Not recorded","Not recorded",NA,6.5,6.5,"Yes",NA,NA,NA,NA
NA,NA,2007-01-14 10:45:00,"Hallwood","Hallwood 3","Continue trapping","Not recorded","Not recorded",NA,5.69999980926514,5.69999980926514,"Yes",NA,NA,NA,NA
NA,NA,2007-01-15 10:00:00,"Hallwood","Hallwood 3","Continue trapping","Not recorded","Not recorded",NA,5.5,5.5,"Yes",NA,NA,NA,NA
NA,NA,2007-01-16 10:00:00,"Hallwood","Hallwood 3","Continue trapping","Not recorded","Not recorded",NA,6,6,"Yes",NA,NA,NA,NA
NA,NA,2007-01-17 09:30:00,"Hallwood","Hallwood 3","Continue trapping","Not recorded","Not recorded",NA,5.5,5.5,"Yes",NA,NA,NA,NA
NA,NA,2007-01-18 09:00:00,"Hallwood","Hallwood 3","Continue trapping","Not recorded","Not recorded",NA,5,NA,"Yes",NA,NA,NA,NA
NA,NA,2007-01-19 08:00:00,"Hallwood","Hallwood 3","Continue trapping","Not recorded","Not recorded",NA,4.59999990463257,4.59999990463257,"Yes",NA,NA,NA,NA
NA,NA,2007-01-20 11:30:00,"Hallwood","Hallwood 3","Continue trapping","Not recorded","Not recorded",NA,5,5,"Yes",NA,NA,NA,NA
NA,NA,2007-01-21 09:30:00,"Hallwood","Hallwood 3","Continue trapping","Not recorded","Not recorded",NA,5.5,5.5,"Yes",NA,NA,NA,NA
NA,NA,2007-01-22 09:30:00,"Hallwood","Hallwood 3","Continue trapping","Not recorded","Not recorded",NA,5,5,"Yes",NA,NA,NA,NA
NA,NA,2007-01-23 08:00:00,"Hallwood","Hallwood 3","Continue trapping","Not recorded","Not recorded",NA,4,4,"Yes",NA,NA,NA,NA
NA,NA,2007-01-24 09:30:00,"Hallwood","Hallwood 3","Continue trapping","Not recorded","Not recorded",NA,3.79999995231628,3.79999995231628,"Yes",NA,NA,NA,NA
NA,NA,2007-01-25 10:00:00,"Hallwood","Hallwood 3","Continue trapping","Not recorded","Not recorded",NA,3.09999990463257,3.09999990463257,"Yes",NA,NA,NA,NA
NA,NA,2007-01-26 09:00:00,"Hallwood","Hallwood 3","Continue trapping","Not recorded","Not recorded",NA,4.30000019073486,4.30000019073486,"Yes",NA,NA,NA,NA
NA,NA,2007-01-27 09:30:00,"Hallwood","Hallwood 3","Continue trapping","Not recorded","Not recorded",NA,4.90000009536743,4.90000009536743,"Yes",NA,NA,NA,NA
NA,NA,2007-01-28 10:30:00,"Hallwood","Hallwood 3","Continue trapping","Not recorded","Not recorded",NA,4.5,4.5,"Yes",NA,NA,NA,NA
NA,NA,2007-01-29 10:00:00,"Hallwood","Hallwood 3","Continue trapping","Not recorded","Not recorded",NA,5,5,"Yes",NA,NA,NA,NA
NA,NA,2007-01-30 09:30:00,"Hallwood","Hallwood 3","Continue trapping","Not recorded","Not recorded",NA,3.75,3.75,"Yes",NA,NA,NA,NA
NA,NA,2007-01-31 09:00:00,"Hallwood","Hallwood 3","Continue trapping","Not recorded","Not recorded",NA,3.59999990463257,3.59999990463257,"Yes",NA,NA,NA,NA
NA,NA,2007-02-01 09:30:00,"Hallwood","Hallwood 3","Continue trapping","Not recorded","Not recorded",NA,3.5,3.5,"Yes",NA,NA,NA,NA
NA,NA,2007-02-02 11:00:00,"Hallwood","Hallwood 3","Continue trapping","Not recorded","Not recorded",NA,3.79999995231628,3.79999995231628,"Yes",NA,NA,NA,NA
NA,NA,2007-02-03 10:15:00,"Hallwood","Hallwood 3","Continue trapping","Not recorded","Not recorded",NA,2.40000009536743,2.40000009536743,"Yes",NA,NA,NA,NA
NA,NA,2007-02-04 10:00:00,"Hallwood","Hallwood 3","Continue trapping","Not recorded","Not recorded",NA,2.79999995231628,2.79999995231628,"Yes",NA,NA,NA,NA
NA,NA,2007-02-05 09:00:00,"Hallwood","Hallwood 3","Continue trapping","Not recorded","Not recorded",NA,3.25,3.25,"Yes",NA,NA,NA,NA
NA,NA,2007-02-06 09:30:00,"Hallwood","Hallwood 3","Continue trapping","Not recorded","Not recorded",NA,3.25,3.25,"Yes",NA,NA,NA,NA
NA,NA,2007-02-07 09:00:00,"Hallwood","Hallwood 3","Continue trapping","Not recorded","Not recorded",NA,3.75,3.75,"Yes",NA,NA,NA,NA
NA,NA,2007-02-08 08:30:00,"Hallwood","Hallwood 3","Continue trapping","Not recorded","Not recorded",NA,4,4,"Yes",NA,NA,NA,NA
NA,NA,2007-02-09 09:30:00,"Hallwood","Hallwood 3","Continue trapping","Not recorded","Not recorded",NA,4.5,4.5,"Yes",NA,NA,NA,NA
NA,NA,2007-02-16 10:30:00,"Hallwood","Hallwood 3","Continue trapping","Not recorded","Not recorded",NA,6.65999984741211,6.65999984741211,"Yes",NA,NA,NA,NA
NA,NA,2007-02-17 11:00:00,"Hallwood","Hallwood 3","Continue trapping","Not recorded","Not recorded",NA,5.80000019073486,5.80000019073486,"Yes",NA,NA,NA,NA
NA,NA,2007-02-18 10:00:00,"Hallwood","Hallwood 3","Continue trapping","Not recorded","Not recorded",NA,5.5,5.5,"Yes",NA,NA,NA,NA
NA,NA,2007-02-19 10:00:00,"Hallwood","Hallwood 3","Continue trapping","Not recorded","Not recorded",NA,0,6,"Yes",NA,NA,NA,NA
NA,NA,2007-02-20 12:30:00,"Hallwood","Hallwood 3","Continue trapping","Not recorded","Not recorded",NA,6,6,"Yes",NA,NA,NA,NA
NA,NA,2007-02-21 13:00:00,"Hallwood","Hallwood 3","Continue trapping","Not recorded","Not recorded",NA,5.5,5.5,"Yes",NA,NA,NA,NA
NA,NA,2007-02-22 14:00:00,"Hallwood","Hallwood 3","Continue trapping","Not recorded","Not recorded",NA,6,6,"Yes",NA,NA,NA,NA
NA,NA,2007-02-23 09:30:00,"Hallwood","Hallwood 3","Continue trapping","Not recorded","Not recorded",NA,6.59999990463257,6.59999990463257,"Yes",NA,NA,NA,NA
NA,NA,2007-02-24 11:04:00,"Hallwood","Hallwood 3","Continue trapping","Not recorded","Not recorded",NA,8,8,"Yes",NA,NA,NA,NA
NA,NA,2007-02-25 11:00:00,"Hallwood","Hallwood 3","Continue trapping","Not recorded","Not recorded",NA,6.90000009536743,6.90000009536743,"Yes",NA,NA,NA,NA
NA,NA,2007-02-26 09:30:00,"Hallwood","Hallwood 3","Continue trapping","Not recorded","Not recorded",NA,7,7,"Yes",NA,NA,NA,NA
NA,NA,2007-03-03 10:45:00,"Hallwood","Hallwood 3","Continue trapping","Not recorded","Not recorded",NA,6.5,6.5,"Yes",NA,NA,NA,NA
NA,NA,2007-03-04 10:30:00,"Hallwood","Hallwood 3","Continue trapping","Not recorded","Not recorded",NA,6.5,6.5,"Yes",NA,NA,NA,NA
NA,NA,2007-03-05 12:00:00,"Hallwood","Hallwood 3","Continue trapping","Not recorded","Not recorded",NA,6,6,"Yes",NA,NA,NA,NA
NA,NA,2007-03-06 10:00:00,"Hallwood","Hallwood 3","Continue trapping","Not recorded","Not recorded",NA,6.30000019073486,6.30000019073486,"Yes",NA,NA,NA,NA
NA,NA,2007-03-07 12:30:00,"Hallwood","Hallwood 3","Continue trapping","Not recorded","Not recorded",NA,6.40000009536743,6.40000009536743,"Yes",NA,NA,NA,NA
NA,NA,2007-03-08 12:30:00,"Hallwood","Hallwood 3","Continue trapping","Not recorded","Not recorded",NA,6.40000009536743,6.40000009536743,"Yes",NA,NA,NA,NA
NA,NA,2007-03-09 11:00:00,"Hallwood","Hallwood 3","Continue trapping","Not recorded","Not recorded",NA,6.30000019073486,6.30000019073486,"Yes",NA,NA,NA,NA
NA,NA,2007-03-10 11:00:00,"Hallwood","Hallwood 3","Continue trapping","Not recorded","Not recorded",NA,6.5,6.5,"Yes",NA,NA,NA,NA
NA,NA,2007-03-11 10:15:00,"Hallwood","Hallwood 3","Continue trapping","Not recorded","Not recorded",NA,5.90000009536743,5.90000009536743,"Yes",NA,NA,NA,NA
NA,NA,2007-03-12 11:30:00,"Hallwood","Hallwood 3","Continue trapping","Not recorded","Not recorded",NA,6.5,6.5,"Yes",NA,NA,NA,NA
NA,NA,2007-03-13 14:30:00,"Hallwood","Hallwood 3","Continue trapping","Not recorded","Not recorded",NA,6.5,6.5,"Yes",NA,NA,NA,NA
NA,NA,2007-03-14 12:00:00,"Hallwood","Hallwood 3","Continue trapping","Not recorded","Not recorded",NA,5.5,5.5,"Yes",NA,NA,NA,NA
NA,NA,2007-03-15 12:30:00,"Hallwood","Hallwood 3","Continue trapping","Not recorded","Not recorded",NA,5.5,5.5,"Yes",NA,NA,NA,NA
NA,NA,2007-03-16 11:00:00,"Hallwood","Hallwood 3","Continue trapping","Not recorded","Not recorded",NA,4.75,4.75,"Yes",NA,NA,NA,NA
NA,NA,2007-03-17 11:00:00,"Hallwood","Hallwood 3","Continue trapping","Not recorded","Not recorded",NA,4,4,"Yes",NA,NA,NA,NA
NA,NA,2007-03-18 11:00:00,"Hallwood","Hallwood 3","Continue trapping","Not recorded","Not recorded",NA,4.25,4.25,"Yes",NA,NA,NA,NA
NA,NA,2007-03-19 11:00:00,"Hallwood","Hallwood 3","Continue trapping","Not recorded","Not recorded",NA,4.5,4.5,"Yes",NA,NA,NA,NA
NA,NA,2007-03-20 12:00:00,"Hallwood","Hallwood 3","Continue trapping","Not recorded","Not recorded",NA,5,5,"Yes",NA,NA,NA,NA
NA,NA,2007-03-21 11:00:00,"Hallwood","Hallwood 3","Continue trapping","Not recorded","Not recorded",NA,5.09999990463257,5.09999990463257,"Yes",NA,NA,NA,NA
NA,NA,2007-03-22 09:30:00,"Hallwood","Hallwood 3","Continue trapping","Not recorded","Not recorded",NA,4.30000019073486,4.30000019073486,"Yes",NA,NA,NA,NA
NA,NA,2007-03-23 09:00:00,"Hallwood","Hallwood 3","Continue trapping","Not recorded","Not recorded",NA,2,2,"Yes",NA,NA,NA,NA
NA,NA,2007-03-24 10:00:00,"Hallwood","Hallwood 3","Continue trapping","Not recorded","Not recorded",NA,4.5,4.5,"Yes",NA,NA,NA,NA
NA,NA,2007-03-25 08:00:00,"Hallwood","Hallwood 3","Continue trapping","Not recorded","Not recorded",NA,4.09999990463257,4.5,"Yes",NA,NA,NA,NA
NA,NA,2007-03-26 11:00:00,"Hallwood","Hallwood 3","Continue trapping","Not recorded","Not recorded",NA,3.90000009536743,3.90000009536743,"Yes",NA,NA,NA,NA
NA,NA,2007-03-27 10:00:00,"Hallwood","Hallwood 3","Continue trapping","Not recorded","Not recorded",NA,5,5,"Yes",NA,NA,NA,NA
NA,NA,2007-03-28 12:00:00,"Hallwood","Hallwood 3","Continue trapping","Not recorded","Not recorded",NA,4.25,4.25,"Yes",NA,NA,NA,NA
NA,NA,2007-03-29 12:00:00,"Hallwood","Hallwood 3","Continue trapping","Not recorded","Not recorded",NA,4.19999980926514,4.19999980926514,"Yes",NA,NA,NA,NA
NA,NA,2007-03-30 09:00:00,"Hallwood","Hallwood 3","Continue trapping","Not recorded","Not recorded",NA,4.25,4.25,"Yes",NA,NA,NA,NA
NA,NA,2007-03-31 10:00:00,"Hallwood","Hallwood 3","Continue trapping","Not recorded","Not recorded",NA,4.5,4.5,"Yes",NA,NA,NA,NA
NA,NA,2007-04-01 10:00:00,"Hallwood","Hallwood 3","Continue trapping","Not recorded","Not recorded",NA,4.25,4.25,"Yes",NA,NA,NA,NA
NA,NA,2007-04-02 14:30:00,"Hallwood","Hallwood 3","Continue trapping","Not recorded","Not recorded",NA,6.25,6.25,"Yes",NA,NA,NA,NA
NA,NA,2007-04-03 11:30:00,"Hallwood","Hallwood 3","Continue trapping","Not recorded","Not recorded",NA,4.19999980926514,4.19999980926514,"Yes",NA,NA,NA,NA
NA,NA,2007-04-04 11:00:00,"Hallwood","Hallwood 3","Continue trapping","Not recorded","Not recorded",NA,4.19999980926514,4.19999980926514,"Yes",NA,NA,NA,NA
NA,NA,2007-04-05 11:00:00,"Hallwood","Hallwood 3","Continue trapping","Not recorded","Not recorded",NA,4.09999990463257,4.09999990463257,"Yes",NA,NA,NA,NA
NA,NA,2007-04-06 09:00:00,"Hallwood","Hallwood 3","Continue trapping","Not recorded","Not recorded",NA,2.09999990463257,2.09999990463257,"Yes",NA,NA,NA,NA
NA,NA,2007-04-07 08:00:00,"Hallwood","Hallwood 3","Continue trapping","Not recorded","Not recorded",NA,4,4,"Yes",NA,NA,NA,NA
NA,NA,2007-04-08 11:00:00,"Hallwood","Hallwood 3","Continue trapping","Not recorded","Not recorded",NA,3.5,3.5,"Yes",NA,NA,NA,NA
NA,NA,2007-04-09 10:00:00,"Hallwood","Hallwood 3","Continue trapping","Not recorded","Not recorded",NA,1.29999995231628,1.5,"Yes",NA,NA,NA,NA
NA,NA,2007-04-10 11:15:00,"Hallwood","Hallwood 3","Continue trapping","Not recorded","Not recorded",NA,2,2,"Yes",NA,NA,NA,NA
NA,NA,2007-04-11 10:00:00,"Hallwood","Hallwood 3","Continue trapping","Not recorded","Not recorded",NA,2.20000004768372,2.20000004768372,"Yes",NA,NA,NA,NA
NA,NA,2007-04-12 09:30:00,"Hallwood","Hallwood 3","Continue trapping","Not recorded","Not recorded",NA,2.79999995231628,2.79999995231628,"Yes",NA,NA,NA,NA
NA,NA,2007-04-13 08:00:00,"Hallwood","Hallwood 3","Continue trapping","Not recorded","Not recorded",NA,4,4,"Yes",NA,NA,NA,NA
NA,NA,2007-04-14 09:15:00,"Hallwood","Hallwood 3","Continue trapping","Not recorded","Not recorded",NA,1.60000002384186,1.60000002384186,"Yes",NA,NA,NA,NA
NA,NA,2007-04-15 12:15:00,"Hallwood","Hallwood 3","Continue trapping","Not recorded","Not recorded",NA,1.60000002384186,1.60000002384186,"Yes",NA,NA,NA,NA
NA,NA,2007-04-16 10:00:00,"Hallwood","Hallwood 3","Continue trapping","Not recorded","Not recorded",NA,2,2.09999990463257,"Yes",NA,NA,NA,NA
NA,NA,2007-04-17 10:45:00,"Hallwood","Hallwood 3","Continue trapping","Not recorded","Not recorded",NA,1.70000004768372,1.79999995231628,"Yes",NA,NA,NA,NA
NA,NA,2007-04-18 10:00:00,"Hallwood","Hallwood 3","Continue trapping","Not recorded","Not recorded",NA,2,2.09999990463257,"Yes",NA,NA,NA,NA
NA,NA,2007-04-19 10:30:00,"Hallwood","Hallwood 3","Continue trapping","Not recorded","Not recorded",NA,1.89999997615814,2,"Yes",NA,NA,NA,NA
NA,NA,2007-04-20 09:00:00,"Hallwood","Hallwood 3","Continue trapping","Not recorded","Not recorded",NA,4,4,"Yes",NA,NA,NA,NA
NA,NA,2007-04-21 09:30:00,"Hallwood","Hallwood 3","Continue trapping","Not recorded","Not recorded",NA,2,2,"Yes",NA,NA,NA,NA
NA,NA,2007-04-22 13:00:00,"Hallwood","Hallwood 3","Continue trapping","Not recorded","Not recorded",NA,3,3,"Yes",NA,NA,NA,NA
NA,NA,2007-04-23 10:00:00,"Hallwood","Hallwood 3","Continue trapping","Not recorded","Not recorded",NA,4,4,"Yes",NA,NA,NA,NA
NA,NA,2007-04-24 10:30:00,"Hallwood","Hallwood 3","Continue trapping","Not recorded","Not recorded",NA,2.90000009536743,3,"Yes",NA,NA,NA,NA
NA,NA,2007-04-25 09:00:00,"Hallwood","Hallwood 3","Continue trapping","Not recorded","Not recorded",NA,1.79999995231628,1.79999995231628,"Yes",NA,NA,NA,NA
NA,NA,2007-04-26 10:00:00,"Hallwood","Hallwood 3","Continue trapping","Not recorded","Not recorded",NA,2.20000004768372,2.20000004768372,"Yes",NA,NA,NA,NA
NA,NA,2007-04-27 09:45:00,"Hallwood","Hallwood 3","Continue trapping","Not recorded","Not recorded",NA,2.20000004768372,2.20000004768372,"Yes",NA,NA,NA,NA
NA,NA,2007-04-28 10:30:00,"Hallwood","Hallwood 3","Continue trapping","Not recorded","Not recorded",NA,1.10000002384186,1.10000002384186,"Yes",NA,NA,NA,NA
NA,NA,2007-04-29 10:30:00,"Hallwood","Hallwood 3","Continue trapping","Not recorded","Not recorded",NA,1.79999995231628,1.79999995231628,"Yes",NA,NA,NA,NA
NA,NA,2007-04-30 10:30:00,"Hallwood","Hallwood 3","Continue trapping","Not recorded","Not recorded",NA,2.09999990463257,2.20000004768372,"Yes",NA,NA,NA,NA
NA,NA,2007-05-01 12:30:00,"Hallwood","Hallwood 3","Continue trapping","Not recorded","Not recorded",NA,3,3,"Yes",NA,NA,NA,NA
NA,NA,2007-05-02 09:00:00,"Hallwood","Hallwood 3","Continue trapping","Not recorded","Not recorded",NA,3,3,"Yes",NA,NA,NA,NA
NA,NA,2007-05-03 11:00:00,"Hallwood","Hallwood 3","Continue trapping","Not recorded","Not recorded",NA,3.09999990463257,3.09999990463257,"Yes",NA,NA,NA,NA
NA,NA,2007-05-04 09:00:00,"Hallwood","Hallwood 3","Continue trapping","Not recorded","Not recorded",NA,3.5,3.5,"Yes",NA,NA,NA,NA
NA,NA,2007-05-06 09:00:00,"Hallwood","Hallwood 3","Continue trapping","Not recorded","Not recorded",NA,2.90000009536743,2.90000009536743,"Yes",NA,NA,NA,NA
NA,NA,2007-05-07 09:00:00,"Hallwood","Hallwood 3","Continue trapping","Not recorded","Not recorded",NA,3.5,3.5,"Yes",NA,NA,NA,NA
NA,NA,2007-05-26 08:30:00,"Hallwood","Hallwood 3","Continue trapping","Not recorded","Not recorded",NA,3.5,3.5,"Yes",NA,NA,NA,NA
NA,NA,2007-05-27 09:00:00,"Hallwood","Hallwood 3","Continue trapping","Not recorded","Not recorded",NA,2.5,2.5,"Yes",NA,NA,NA,NA
NA,NA,2007-05-28 09:00:00,"Hallwood","Hallwood 3","Continue trapping","Not recorded","Not recorded",NA,2.79999995231628,2.90000009536743,"Yes",NA,NA,NA,NA
NA,NA,2007-05-29 09:30:00,"Hallwood","Hallwood 3","Continue trapping","Not recorded","Not recorded",NA,2.90000009536743,3,"Yes",NA,NA,NA,NA
NA,NA,2007-05-30 09:00:00,"Hallwood","Hallwood 3","Continue trapping","Not recorded","Not recorded",NA,2.90000009536743,3,"Yes",NA,NA,NA,NA
NA,NA,2007-05-31 08:00:00,"Hallwood","Hallwood 3","Continue trapping","Not recorded","Not recorded",NA,3.5,3.75,"Yes",NA,NA,NA,NA
NA,NA,2007-06-01 08:15:00,"Hallwood","Hallwood 3","Continue trapping","Not recorded","Not recorded",NA,3,3,"Yes",NA,NA,NA,NA
NA,NA,2007-06-02 11:00:00,"Hallwood","Hallwood 3","Continue trapping","Not recorded","Not recorded",NA,2.40000009536743,2.40000009536743,"Yes",NA,NA,NA,NA
NA,NA,2007-06-03 11:45:00,"Hallwood","Hallwood 3","Continue trapping","Not recorded","Not recorded",NA,2.40000009536743,2.40000009536743,"Yes",NA,NA,NA,NA
NA,NA,2007-06-04 09:00:00,"Hallwood","Hallwood 3","Continue trapping","Not recorded","Not recorded",NA,3.20000004768372,3.40000009536743,"Yes",NA,NA,NA,NA
NA,NA,2007-06-05 09:30:00,"Hallwood","Hallwood 3","Continue trapping","Not recorded","Not recorded",NA,2.5,2.5,"Yes",NA,NA,NA,NA
NA,NA,2007-06-06 09:00:00,"Hallwood","Hallwood 3","Continue trapping","Not recorded","Not recorded",NA,2,3,"Yes",NA,NA,NA,NA
NA,NA,2007-06-07 09:00:00,"Hallwood","Hallwood 3","Continue trapping","Not recorded","Not recorded",NA,2.20000004768372,2.40000009536743,"Yes",NA,NA,NA,NA
NA,NA,2007-06-08 08:00:00,"Hallwood","Hallwood 3","Continue trapping","Not recorded","Not recorded",NA,2.20000004768372,2.40000009536743,"Yes",NA,NA,NA,NA
NA,NA,2007-06-09 11:00:00,"Hallwood","Hallwood 3","Continue trapping","Not recorded","Not recorded",NA,2.20000004768372,2.40000009536743,"Yes",NA,NA,NA,NA
NA,NA,2007-06-10 11:00:00,"Hallwood","Hallwood 3","Continue trapping","Not recorded","Not recorded",NA,2.59999990463257,2.79999995231628,"Yes",NA,NA,NA,NA
NA,NA,2007-06-11 10:00:00,"Hallwood","Hallwood 3","Continue trapping","Not recorded","Not recorded",NA,1.79999995231628,2,"Yes",NA,NA,NA,NA
NA,NA,2007-06-12 08:45:00,"Hallwood","Hallwood 3","Continue trapping","Not recorded","Not recorded",NA,2,2.25,"Yes",NA,NA,NA,NA
NA,NA,2007-06-13 09:00:00,"Hallwood","Hallwood 3","Continue trapping","Not recorded","Not recorded",NA,2,2.09999990463257,"Yes",NA,NA,NA,NA
NA,NA,2007-06-14 08:00:00,"Hallwood","Hallwood 3","Continue trapping","Not recorded","Not recorded",NA,2.25,2.5,"Yes",NA,NA,NA,NA
NA,NA,2007-06-15 08:00:00,"Hallwood","Hallwood 3","Continue trapping","Not recorded","Not recorded",NA,2.32999992370605,2.32999992370605,"Yes",NA,NA,NA,NA
NA,NA,2007-06-16 09:40:00,"Hallwood","Hallwood 3","Continue trapping","Not recorded","Not recorded",NA,1.10000002384186,1.10000002384186,"Yes",NA,NA,NA,NA
NA,NA,2007-06-17 12:00:00,"Hallwood","Hallwood 3","Continue trapping","Not recorded","Not recorded",NA,1,1,"Yes",NA,NA,NA,NA
NA,NA,2007-06-18 08:00:00,"Hallwood","Hallwood 3","Continue trapping","Not recorded","Not recorded",NA,1.79999995231628,1.89999997615814,"Yes",NA,NA,NA,NA
NA,NA,2007-07-04 10:24:00,"Hallwood","Hallwood 3","Continue trapping","Not recorded","Not recorded",NA,2.09999990463257,2.5,"Yes",NA,NA,NA,NA
NA,NA,2007-07-05 08:14:00,"Hallwood","Hallwood 3","Continue trapping","Not recorded","Not recorded",NA,2.09999990463257,2.5,"Yes",NA,NA,NA,NA
NA,NA,2007-07-07 12:06:00,"Hallwood","Hallwood 3","Continue trapping","Not recorded","Not recorded",NA,2.29999995231628,2.09999990463257,"Yes",NA,NA,NA,NA
NA,NA,2007-07-08 12:26:00,"Hallwood","Hallwood 3","Continue trapping","Not recorded","Not recorded",NA,2,2,"Yes",NA,NA,NA,NA
NA,NA,2007-07-11 08:06:00,"Hallwood","Hallwood 3","Continue trapping","Not recorded","Not recorded",NA,1.70000004768372,2.09999990463257,"Yes",NA,NA,NA,NA
NA,NA,2007-07-12 07:59:00,"Hallwood","Hallwood 3","Continue trapping","Not recorded","Not recorded",NA,1.5,2,"Yes",NA,NA,NA,NA
NA,NA,2007-07-13 08:05:00,"Hallwood","Hallwood 3","Continue trapping","Not recorded","Not recorded",NA,1.79999995231628,1.79999995231628,"Yes",NA,NA,NA,NA
NA,NA,2007-07-14 08:14:00,"Hallwood","Hallwood 3","Continue trapping","Not recorded","Not recorded",NA,2,2.09999990463257,"Yes",NA,NA,NA,NA
NA,NA,2007-07-17 07:49:00,"Hallwood","Hallwood 3","Continue trapping","Not recorded","Not recorded",NA,2.09999990463257,2.5,"Yes",NA,NA,NA,NA
NA,NA,2007-07-18 08:18:00,"Hallwood","Hallwood 3","Continue trapping","Not recorded","Not recorded",NA,2.09999990463257,2.09999990463257,"Yes",NA,NA,NA,NA
NA,NA,2007-07-22 14:04:00,"Hallwood","Hallwood 3","Continue trapping","Not recorded","Not recorded",NA,1.39999997615814,1.89999997615814,"Yes",NA,NA,NA,NA
NA,NA,2007-07-23 09:33:00,"Hallwood","Hallwood 3","Continue trapping","Not recorded","Not recorded",NA,1.20000004768372,2,"Yes",NA,NA,NA,NA
NA,NA,2007-07-25 11:15:00,"Hallwood","Hallwood 3","Continue trapping","Not recorded","Not recorded",NA,1.5,2,"Yes",NA,NA,NA,NA
NA,NA,2007-09-25 08:38:00,"Hallwood","Hallwood 3","Continue trapping","Not recorded","Not recorded",NA,2.90000009536743,3,"Yes",NA,NA,NA,NA
NA,NA,2007-11-28 09:12:00,"Hallwood","Hallwood 3","Continue trapping","Not recorded","Not recorded",NA,2,2.20000004768372,"Yes",NA,NA,NA,NA
NA,NA,2007-11-29 09:38:00,"Hallwood","Hallwood 3","Continue trapping","Not recorded","Not recorded",NA,2,2.59999990463257,"Yes",NA,NA,NA,NA
NA,NA,2007-11-30 09:05:00,"Hallwood","Hallwood 3","Continue trapping","Not recorded","Not recorded",NA,1.79999995231628,2.09999990463257,"Yes",NA,NA,NA,NA
NA,NA,2007-12-02 12:10:00,"Hallwood","Hallwood 3","Continue trapping","Not recorded","Not recorded",NA,1.79999995231628,2.20000004768372,"Yes",NA,NA,NA,NA
NA,NA,2007-12-03 09:56:00,"Hallwood","Hallwood 3","Continue trapping","Not recorded","Not recorded",NA,2,2.20000004768372,"Yes",NA,NA,NA,NA
NA,NA,2007-12-05 09:23:00,"Hallwood","Hallwood 3","Continue trapping","Not recorded","Not recorded",NA,2.09999990463257,2.09999990463257,"Yes",NA,NA,NA,NA
NA,NA,2007-12-06 07:47:00,"Hallwood","Hallwood 3","Continue trapping","Not recorded","Not recorded",NA,2,2.59999990463257,"Yes",NA,NA,NA,NA
NA,NA,2007-12-07 09:38:00,"Hallwood","Hallwood 3","Continue trapping","Not recorded","Not recorded",NA,1.89999997615814,2.5,"Yes",NA,NA,NA,NA
NA,NA,2007-12-08 10:01:00,"Hallwood","Hallwood 3","Continue trapping","Not recorded","Not recorded",NA,0.300000011920929,2.20000004768372,"Yes",NA,NA,NA,NA
NA,NA,2007-12-09 09:33:00,"Hallwood","Hallwood 3","Continue trapping","Not recorded","Not recorded",NA,1.5,2.29999995231628,"Yes",NA,NA,NA,NA
NA,NA,2007-12-10 10:11:00,"Hallwood","Hallwood 3","Continue trapping","Not recorded","Not recorded",NA,2.29999995231628,2.5,"Yes",NA,NA,NA,NA
NA,NA,2007-12-11 08:02:00,"Hallwood","Hallwood 3","Continue trapping","Not recorded","Not recorded",NA,1.89999997615814,2.29999995231628,"Yes",NA,NA,NA,NA
NA,NA,2007-12-12 08:00:00,"Hallwood","Hallwood 3","Continue trapping","Not recorded","Not recorded",NA,2,1.70000004768372,"Yes",NA,NA,NA,NA
NA,NA,2007-12-13 08:34:00,"Hallwood","Hallwood 3","Continue trapping","Not recorded","Not recorded",NA,1.60000002384186,2,"Yes",NA,NA,NA,NA
NA,NA,2007-12-14 07:45:00,"Hallwood","Hallwood 3","Continue trapping","Not recorded","Not recorded",NA,1.79999995231628,2,"Yes",NA,NA,NA,NA
NA,NA,2007-12-15 08:58:00,"Hallwood","Hallwood 3","Continue trapping","Not recorded","Not recorded",NA,2,2.20000004768372,"Yes",NA,NA,NA,NA
NA,NA,2007-12-16 09:28:00,"Hallwood","Hallwood 3","Continue trapping","Not recorded","Not recorded",NA,1.29999995231628,1.39999997615814,"Yes",NA,NA,NA,NA
NA,NA,2007-12-17 09:46:00,"Hallwood","Hallwood 3","Continue trapping","Not recorded","Not recorded",NA,1.5,1.79999995231628,"Yes",NA,NA,NA,NA
NA,NA,2007-12-18 09:03:00,"Hallwood","Hallwood 3","Continue trapping","Not recorded","Not recorded",NA,1.5,2,"Yes",NA,NA,NA,NA
NA,NA,2007-12-19 11:35:00,"Hallwood","Hallwood 3","Continue trapping","Not recorded","Not recorded",NA,1,3.5,"Yes",NA,NA,NA,NA
NA,NA,2007-12-21 12:03:00,"Hallwood","Hallwood 3","Continue trapping","Not recorded","Not recorded",NA,6,7,"Yes",NA,NA,NA,NA
NA,NA,2007-12-22 13:58:00,"Hallwood","Hallwood 3","Continue trapping","Not recorded","Not recorded",NA,6.69999980926514,6.80000019073486,"Yes",NA,NA,NA,NA
NA,NA,2007-12-23 10:34:00,"Hallwood","Hallwood 3","Continue trapping","Not recorded","Not recorded",NA,4,4.19999980926514,"Yes",NA,NA,NA,NA
NA,NA,2007-12-24 08:45:00,"Hallwood","Hallwood 3","Continue trapping","Not recorded","Not recorded",NA,2.70000004768372,3.70000004768372,"Yes",NA,NA,NA,NA
NA,NA,2007-12-25 10:42:00,"Hallwood","Hallwood 3","Continue trapping","Not recorded","Not recorded",NA,1.79999995231628,2.20000004768372,"Yes",NA,NA,NA,NA
NA,NA,2007-12-26 09:26:00,"Hallwood","Hallwood 3","Continue trapping","Not recorded","Not recorded",NA,2.40000009536743,2.40000009536743,"Yes",NA,NA,NA,NA
NA,NA,2007-12-27 08:36:00,"Hallwood","Hallwood 3","Continue trapping","Not recorded","Not recorded",NA,1.79999995231628,2.09999990463257,"Yes",NA,NA,NA,NA
NA,NA,2007-12-28 09:05:00,"Hallwood","Hallwood 3","Continue trapping","Not recorded","Not recorded",NA,2.29999995231628,2.29999995231628,"Yes",NA,NA,NA,NA
NA,NA,2007-12-29 10:09:00,"Hallwood","Hallwood 3","Continue trapping","Not recorded","Not recorded",NA,2.5,2.5,"Yes",NA,NA,NA,NA
NA,NA,2007-12-30 09:10:00,"Hallwood","Hallwood 3","Continue trapping","Not recorded","Not recorded",NA,2.29999995231628,2.5,"Yes",NA,NA,NA,NA
NA,NA,2007-12-31 08:53:00,"Hallwood","Hallwood 3","Continue trapping","Not recorded","Not recorded",NA,2.29999995231628,2.29999995231628,"Yes",NA,NA,NA,NA
NA,NA,2008-01-01 09:51:00,"Hallwood","Hallwood 3","Continue trapping","Not recorded","Not recorded",NA,2.29999995231628,2.40000009536743,"Yes",NA,NA,NA,NA
NA,NA,2008-01-02 08:48:00,"Hallwood","Hallwood 3","Continue trapping","Not recorded","Not recorded",NA,2.20000004768372,2.29999995231628,"Yes",NA,NA,NA,NA
NA,NA,2008-01-03 08:47:00,"Hallwood","Hallwood 3","Continue trapping","Not recorded","Not recorded",NA,2.20000004768372,2.20000004768372,"Yes",NA,NA,NA,NA
NA,NA,2008-01-04 07:59:00,"Hallwood","Hallwood 3","Continue trapping","Not recorded","Not recorded",NA,4.09999990463257,4.30000019073486,"Yes",NA,NA,NA,NA
NA,NA,2008-01-11 10:26:00,"Hallwood","Hallwood 3","Continue trapping","Not recorded","Not recorded",NA,5.90000009536743,6.09999990463257,"Yes",NA,NA,NA,NA
NA,NA,2008-01-12 10:06:00,"Hallwood","Hallwood 3","Continue trapping","Not recorded","Not recorded",NA,5.5,5.59999990463257,"Yes",NA,NA,NA,NA
NA,NA,2008-01-13 10:13:00,"Hallwood","Hallwood 3","Continue trapping","Not recorded","Not recorded",NA,5.40000009536743,5.40000009536743,"Yes",NA,NA,NA,NA
NA,NA,2008-01-14 09:34:00,"Hallwood","Hallwood 3","Continue trapping","Not recorded","Not recorded",NA,5.19999980926514,5.19999980926514,"Yes",NA,NA,NA,NA
NA,NA,2008-01-15 08:45:00,"Hallwood","Hallwood 3","Continue trapping","Not recorded","Not recorded",NA,5,5,"Yes",NA,NA,NA,NA
NA,NA,2008-01-16 08:35:00,"Hallwood","Hallwood 3","Continue trapping","Not recorded","Not recorded",NA,4.5,4.5,"Yes",NA,NA,NA,NA
NA,NA,2008-01-17 09:35:00,"Hallwood","Hallwood 3","Continue trapping","Not recorded","Not recorded",NA,4.5,4.5,"Yes",NA,NA,NA,NA
NA,NA,2008-01-18 08:59:00,"Hallwood","Hallwood 3","Continue trapping","Not recorded","Not recorded",NA,5,5,"Yes",NA,NA,NA,NA
NA,NA,2008-01-19 09:22:00,"Hallwood","Hallwood 3","Continue trapping","Not recorded","Not recorded",NA,4.30000019073486,4.30000019073486,"Yes",NA,NA,NA,NA
NA,NA,2008-01-20 08:19:00,"Hallwood","Hallwood 3","Continue trapping","Not recorded","Not recorded",NA,3,3,"Yes",NA,NA,NA,NA
NA,NA,2008-01-21 09:20:00,"Hallwood","Hallwood 3","Continue trapping","Not recorded","Not recorded",NA,3.20000004768372,3.20000004768372,"Yes",NA,NA,NA,NA
NA,NA,2008-01-22 08:57:00,"Hallwood","Hallwood 3","Continue trapping","Not recorded","Not recorded",NA,3.70000004768372,3.70000004768372,"Yes",NA,NA,NA,NA
NA,NA,2008-01-23 08:53:00,"Hallwood","Hallwood 3","Continue trapping","Not recorded","Not recorded",NA,3.5,3.90000009536743,"Yes",NA,NA,NA,NA
NA,NA,2008-01-24 08:48:00,"Hallwood","Hallwood 3","Continue trapping","Not recorded","Not recorded",NA,3.79999995231628,3.79999995231628,"Yes",NA,NA,NA,NA
NA,NA,2008-01-25 08:51:00,"Hallwood","Hallwood 3","Continue trapping","Not recorded","Not recorded",NA,3.5,3.5,"Yes",NA,NA,NA,NA
NA,NA,2008-01-26 10:56:00,"Hallwood","Hallwood 3","Continue trapping","Not recorded","Not recorded",NA,5.80000019073486,5.69999980926514,"Yes",NA,NA,NA,NA
NA,NA,2008-01-27 11:03:00,"Hallwood","Hallwood 3","Continue trapping","Not recorded","Not recorded",NA,4.80000019073486,5,"Yes",NA,NA,NA,NA
NA,NA,2008-01-28 09:19:00,"Hallwood","Hallwood 3","Continue trapping","Not recorded","Not recorded",NA,9.80000019073486,8.30000019073486,"Yes",NA,NA,NA,NA
NA,NA,2008-01-29 09:00:00,"Hallwood","Hallwood 3","Continue trapping","Not recorded","Not recorded",NA,10,10,"Yes",NA,NA,NA,NA
NA,NA,2008-01-30 13:36:00,"Hallwood","Hallwood 3","Continue trapping","Not recorded","Not recorded",NA,10,10.1999998092651,"Yes",NA,NA,NA,NA
NA,NA,2008-01-31 08:36:00,"Hallwood","Hallwood 3","Continue trapping","Not recorded","Not recorded",NA,10,10.1000003814697,"Yes",NA,NA,NA,NA
NA,NA,2008-02-01 12:05:00,"Hallwood","Hallwood 3","Continue trapping","Not recorded","Not recorded",NA,9.30000019073486,9.30000019073486,"Yes",NA,NA,NA,NA
NA,NA,2008-02-02 10:08:00,"Hallwood","Hallwood 3","Continue trapping","Not recorded","Not recorded",NA,8.10000038146973,8.19999980926514,"Yes",NA,NA,NA,NA
NA,NA,2008-02-03 09:42:00,"Hallwood","Hallwood 3","Continue trapping","Not recorded","Not recorded",NA,10.5,10.3000001907349,"Yes",NA,NA,NA,NA
NA,NA,2008-02-04 08:58:00,"Hallwood","Hallwood 3","Continue trapping","Not recorded","Not recorded",NA,10,10.5,"Yes",NA,NA,NA,NA
NA,NA,2008-02-05 08:56:00,"Hallwood","Hallwood 3","Continue trapping","Not recorded","Not recorded",NA,9.69999980926514,10,"Yes",NA,NA,NA,NA
NA,NA,2008-02-06 08:55:00,"Hallwood","Hallwood 3","Continue trapping","Not recorded","Not recorded",NA,10,10,"Yes",NA,NA,NA,NA
NA,NA,2008-02-07 08:53:00,"Hallwood","Hallwood 3","Continue trapping","Not recorded","Not recorded",NA,7.30000019073486,7.30000019073486,"Yes",NA,NA,NA,NA
NA,NA,2008-02-08 08:41:00,"Hallwood","Hallwood 3","Continue trapping","Not recorded","Not recorded",NA,7,7,"Yes",NA,NA,NA,NA
NA,NA,2008-02-09 10:51:00,"Hallwood","Hallwood 3","Continue trapping","Not recorded","Not recorded",NA,6.80000019073486,6.69999980926514,"Yes",NA,NA,NA,NA
NA,NA,2008-02-10 09:55:00,"Hallwood","Hallwood 3","Continue trapping","Not recorded","Not recorded",NA,6.80000019073486,6.80000019073486,"Yes",NA,NA,NA,NA
NA,NA,2008-02-11 09:22:00,"Hallwood","Hallwood 3","Continue trapping","Not recorded","Not recorded",NA,7,7,"Yes",NA,NA,NA,NA
NA,NA,2008-02-12 08:46:00,"Hallwood","Hallwood 3","Continue trapping","Not recorded","Not recorded",NA,7,7,"Yes",NA,NA,NA,NA
NA,NA,2008-02-13 09:15:00,"Hallwood","Hallwood 3","Continue trapping","Not recorded","Not recorded",NA,6.5,6.5,"Yes",NA,NA,NA,NA
NA,NA,2008-02-14 09:28:00,"Hallwood","Hallwood 3","Continue trapping","Not recorded","Not recorded",NA,6.30000019073486,6.30000019073486,"Yes",NA,NA,NA,NA
NA,NA,2008-02-15 08:46:00,"Hallwood","Hallwood 3","Continue trapping","Not recorded","Not recorded",NA,5,5,"Yes",NA,NA,NA,NA
NA,NA,2008-02-16 10:32:00,"Hallwood","Hallwood 3","Continue trapping","Not recorded","Not recorded",NA,5,5.09999990463257,"Yes",NA,NA,NA,NA
NA,NA,2008-02-17 09:49:00,"Hallwood","Hallwood 3","Continue trapping","Not recorded","Not recorded",NA,4.90000009536743,5,"Yes",NA,NA,NA,NA
NA,NA,2008-02-18 08:55:00,"Hallwood","Hallwood 3","Continue trapping","Not recorded","Not recorded",NA,5,5,"Yes",NA,NA,NA,NA
NA,NA,2008-02-19 08:59:00,"Hallwood","Hallwood 3","Continue trapping","Not recorded","Not recorded",NA,5,5,"Yes",NA,NA,NA,NA
NA,NA,2008-02-20 09:03:00,"Hallwood","Hallwood 3","Continue trapping","Not recorded","Not recorded",NA,4.75,5,"Yes",NA,NA,NA,NA
NA,NA,2008-02-21 09:01:00,"Hallwood","Hallwood 3","Continue trapping","Not recorded","Not recorded",NA,4.75,5,"Yes",NA,NA,NA,NA
NA,NA,2008-02-22 08:56:00,"Hallwood","Hallwood 3","Continue trapping","Not recorded","Not recorded",NA,4.75,5,"Yes",NA,NA,NA,NA
NA,NA,2008-02-23 10:21:00,"Hallwood","Hallwood 3","Continue trapping","Not recorded","Not recorded",NA,5.80000019073486,6.19999980926514,"Yes",NA,NA,NA,NA
NA,NA,2008-02-24 15:05:00,"Hallwood","Hallwood 3","Continue trapping","Not recorded","Not recorded",NA,8,9.5,"Yes",NA,NA,NA,NA
NA,NA,2008-02-28 09:10:00,"Hallwood","Hallwood 3","Continue trapping","Not recorded","Not recorded",NA,5.80000019073486,6,"Yes",NA,NA,NA,NA
NA,NA,2008-02-29 08:44:00,"Hallwood","Hallwood 3","Continue trapping","Not recorded","Not recorded",NA,5.30000019073486,5.30000019073486,"Yes",NA,NA,NA,NA
NA,NA,2008-03-01 10:52:00,"Hallwood","Hallwood 3","Continue trapping","Not recorded","Not recorded",NA,5,4.69999980926514,"Yes",NA,NA,NA,NA
NA,NA,2008-03-02 09:30:00,"Hallwood","Hallwood 3","Continue trapping","Not recorded","Not recorded",NA,4.80000019073486,4.80000019073486,"Yes",NA,NA,NA,NA
NA,NA,2008-03-03 09:10:00,"Hallwood","Hallwood 3","Continue trapping","Not recorded","Not recorded",NA,4.19999980926514,4.19999980926514,"Yes",NA,NA,NA,NA
NA,NA,2008-03-04 08:47:00,"Hallwood","Hallwood 3","Continue trapping","Not recorded","Not recorded",NA,4.19999980926514,5.5,"Yes",NA,NA,NA,NA
NA,NA,2008-03-05 08:40:00,"Hallwood","Hallwood 3","Continue trapping","Not recorded","Not recorded",NA,5,5,"Yes",NA,NA,NA,NA
NA,NA,2008-03-06 08:57:00,"Hallwood","Hallwood 3","Continue trapping","Not recorded","Not recorded",NA,4.5,4.5,"Yes",NA,NA,NA,NA
NA,NA,2008-03-07 08:40:00,"Hallwood","Hallwood 3","Continue trapping","Not recorded","Not recorded",NA,5,5,"Yes",NA,NA,NA,NA
NA,NA,2008-03-08 09:12:00,"Hallwood","Hallwood 3","Continue trapping","Not recorded","Not recorded",NA,4.19999980926514,4.40000009536743,"Yes",NA,NA,NA,NA
NA,NA,2008-03-09 12:18:00,"Hallwood","Hallwood 3","Continue trapping","Not recorded","Not recorded",NA,4.5,4.5,"Yes",NA,NA,NA,NA
NA,NA,2008-03-10 09:46:00,"Hallwood","Hallwood 3","Continue trapping","Not recorded","Not recorded",NA,4.30000019073486,4.5,"Yes",NA,NA,NA,NA
NA,NA,2008-03-11 09:05:00,"Hallwood","Hallwood 3","Continue trapping","Not recorded","Not recorded",NA,4,4,"Yes",NA,NA,NA,NA
NA,NA,2008-03-12 07:49:00,"Hallwood","Hallwood 3","Continue trapping","Not recorded","Not recorded",NA,4,4.09999990463257,"Yes",NA,NA,NA,NA
NA,NA,2008-03-13 09:05:00,"Hallwood","Hallwood 3","Continue trapping","Not recorded","Not recorded",NA,4,4,"Yes",NA,NA,NA,NA
NA,NA,2008-03-14 08:41:00,"Hallwood","Hallwood 3","Continue trapping","Not recorded","Not recorded",NA,4,4,"Yes",NA,NA,NA,NA
NA,NA,2008-03-15 12:50:00,"Hallwood","Hallwood 3","Continue trapping","Not recorded","Not recorded",NA,4,4,"Yes",NA,NA,NA,NA
NA,NA,2008-03-16 11:23:00,"Hallwood","Hallwood 3","Continue trapping","Not recorded","Not recorded",NA,4.09999990463257,4,"Yes",NA,NA,NA,NA
NA,NA,2008-03-17 08:55:00,"Hallwood","Hallwood 3","Continue trapping","Not recorded","Not recorded",NA,4,4.09999990463257,"Yes",NA,NA,NA,NA
NA,NA,2008-03-18 09:28:00,"Hallwood","Hallwood 3","Continue trapping","Not recorded","Not recorded",NA,4,4,"Yes",NA,NA,NA,NA
NA,NA,2008-03-19 08:49:00,"Hallwood","Hallwood 3","Continue trapping","Not recorded","Not recorded",NA,4.09999990463257,4,"Yes",NA,NA,NA,NA
NA,NA,2008-03-20 09:00:00,"Hallwood","Hallwood 3","Continue trapping","Not recorded","Not recorded",NA,4,4,"Yes",NA,NA,NA,NA
NA,NA,2008-03-21 08:42:00,"Hallwood","Hallwood 3","Continue trapping","Not recorded","Not recorded",NA,4,4,"Yes",NA,NA,NA,NA
NA,NA,2008-03-22 09:58:00,"Hallwood","Hallwood 3","Continue trapping","Not recorded","Not recorded",NA,3.75,4,"Yes",NA,NA,NA,NA
NA,NA,2008-03-23 08:57:00,"Hallwood","Hallwood 3","Continue trapping","Not recorded","Not recorded",NA,3.75,3.75,"Yes",NA,NA,NA,NA
NA,NA,2008-03-24 08:48:00,"Hallwood","Hallwood 3","Continue trapping","Not recorded","Not recorded",NA,3.70000004768372,3.79999995231628,"Yes",NA,NA,NA,NA
NA,NA,2008-03-25 08:45:00,"Hallwood","Hallwood 3","Continue trapping","Not recorded","Not recorded",NA,3.5,3.5,"Yes",NA,NA,NA,NA
NA,NA,2008-03-26 10:41:00,"Hallwood","Hallwood 3","Continue trapping","Not recorded","Not recorded",NA,3.70000004768372,3.70000004768372,"Yes",NA,NA,NA,NA
NA,NA,2008-03-27 08:56:00,"Hallwood","Hallwood 3","Continue trapping","Not recorded","Not recorded",NA,3.70000004768372,3.70000004768372,"Yes",NA,NA,NA,NA
NA,NA,2008-03-28 09:01:00,"Hallwood","Hallwood 3","Continue trapping","Not recorded","Not recorded",NA,3.70000004768372,3.70000004768372,"Yes",NA,NA,NA,NA
NA,NA,2008-03-29 08:52:00,"Hallwood","Hallwood 3","Continue trapping","Not recorded","Not recorded",NA,3.25,3.5,"Yes",NA,NA,NA,NA
NA,NA,2008-03-30 12:07:00,"Hallwood","Hallwood 3","Continue trapping","Not recorded","Not recorded",NA,3.59999990463257,4,"Yes",NA,NA,NA,NA
NA,NA,2008-03-31 09:22:00,"Hallwood","Hallwood 3","Continue trapping","Not recorded","Not recorded",NA,3.75,4,"Yes",NA,NA,NA,NA
NA,NA,2008-04-01 08:30:00,"Hallwood","Hallwood 3","Continue trapping","Not recorded","Not recorded",NA,3.75,3.75,"Yes",NA,NA,NA,NA
NA,NA,2008-04-02 09:09:00,"Hallwood","Hallwood 3","Continue trapping","Not recorded","Not recorded",NA,4,4,"Yes",NA,NA,NA,NA
NA,NA,2008-04-03 09:35:00,"Hallwood","Hallwood 3","Continue trapping","Not recorded","Not recorded",NA,3.5,3.70000004768372,"Yes",NA,NA,NA,NA
NA,NA,2008-04-04 08:57:00,"Hallwood","Hallwood 3","Continue trapping","Not recorded","Not recorded",NA,3.29999995231628,3.29999995231628,"Yes",NA,NA,NA,NA
NA,NA,2008-04-05 10:20:00,"Hallwood","Hallwood 3","Continue trapping","Not recorded","Not recorded",NA,3,3.5,"Yes",NA,NA,NA,NA
NA,NA,2008-04-06 11:20:00,"Hallwood","Hallwood 3","Continue trapping","Not recorded","Not recorded",NA,3.20000004768372,3.29999995231628,"Yes",NA,NA,NA,NA
NA,NA,2008-04-07 09:54:00,"Hallwood","Hallwood 3","Continue trapping","Not recorded","Not recorded",NA,3.20000004768372,3.5,"Yes",NA,NA,NA,NA
NA,NA,2008-04-08 08:00:00,"Hallwood","Hallwood 3","Continue trapping","Not recorded","Not recorded",NA,3.5,3.5,"Yes",NA,NA,NA,NA
NA,NA,2008-04-09 09:05:00,"Hallwood","Hallwood 3","Continue trapping","Not recorded","Not recorded",NA,3.25,3.25,"Yes",NA,NA,NA,NA
NA,NA,2008-04-10 09:32:00,"Hallwood","Hallwood 3","Continue trapping","Not recorded","Not recorded",NA,3.29999995231628,3.29999995231628,"Yes",NA,NA,NA,NA
NA,NA,2008-04-11 10:12:00,"Hallwood","Hallwood 3","Continue trapping","Not recorded","Not recorded",NA,2.90000009536743,3.09999990463257,"Yes",NA,NA,NA,NA
NA,NA,2008-04-12 10:35:00,"Hallwood","Hallwood 3","Continue trapping","Not recorded","Not recorded",NA,3.29999995231628,3.40000009536743,"Yes",NA,NA,NA,NA
NA,NA,2008-04-13 11:00:00,"Hallwood","Hallwood 3","Continue trapping","Not recorded","Not recorded",NA,3.29999995231628,3.29999995231628,"Yes",NA,NA,NA,NA
NA,NA,2008-04-14 08:35:00,"Hallwood","Hallwood 3","Continue trapping","Not recorded","Not recorded",NA,3.20000004768372,3.29999995231628,"Yes",NA,NA,NA,NA
NA,NA,2008-04-15 09:56:00,"Hallwood","Hallwood 3","Continue trapping","Not recorded","Not recorded",NA,3.20000004768372,3.20000004768372,"Yes",NA,NA,NA,NA
NA,NA,2008-04-16 10:20:00,"Hallwood","Hallwood 3","Continue trapping","Not recorded","Not recorded",NA,3.59999990463257,3.90000009536743,"Yes",NA,NA,NA,NA
NA,NA,2008-04-17 09:10:00,"Hallwood","Hallwood 3","Continue trapping","Not recorded","Not recorded",NA,4,3.79999995231628,"Yes",NA,NA,NA,NA
NA,NA,2008-04-18 09:42:00,"Hallwood","Hallwood 3","Continue trapping","Not recorded","Not recorded",NA,4,4.09999990463257,"Yes",NA,NA,NA,NA
NA,NA,2008-04-19 10:53:00,"Hallwood","Hallwood 3","Continue trapping","Not recorded","Not recorded",NA,3.5,4.09999990463257,"Yes",NA,NA,NA,NA
NA,NA,2008-04-20 13:43:00,"Hallwood","Hallwood 3","Continue trapping","Not recorded","Not recorded",NA,4,4,"Yes",NA,NA,NA,NA
NA,NA,2008-04-21 09:47:00,"Hallwood","Hallwood 3","Continue trapping","Not recorded","Not recorded",NA,3.90000009536743,4,"Yes",NA,NA,NA,NA
NA,NA,2008-04-22 08:42:00,"Hallwood","Hallwood 3","Continue trapping","Not recorded","Not recorded",NA,4,4.09999990463257,"Yes",NA,NA,NA,NA
NA,NA,2008-04-23 09:08:00,"Hallwood","Hallwood 3","Continue trapping","Not recorded","Not recorded",NA,3.79999995231628,3.79999995231628,"Yes",NA,NA,NA,NA
NA,NA,2008-04-24 09:14:00,"Hallwood","Hallwood 3","Continue trapping","Not recorded","Not recorded",NA,3.90000009536743,4,"Yes",NA,NA,NA,NA
NA,NA,2008-04-25 11:17:00,"Hallwood","Hallwood 3","Continue trapping","Not recorded","Not recorded",NA,4.19999980926514,4.30000019073486,"Yes",NA,NA,NA,NA
NA,NA,2008-04-26 13:48:00,"Hallwood","Hallwood 3","Continue trapping","Not recorded","Not recorded",NA,3.79999995231628,4.30000019073486,"Yes",NA,NA,NA,NA
NA,NA,2008-04-27 11:21:00,"Hallwood","Hallwood 3","Continue trapping","Not recorded","Not recorded",NA,4,4,"Yes",NA,NA,NA,NA
NA,NA,2008-04-28 12:36:00,"Hallwood","Hallwood 3","Continue trapping","Not recorded","Not recorded",NA,3.90000009536743,4.09999990463257,"Yes",NA,NA,NA,NA
NA,NA,2008-04-29 08:56:00,"Hallwood","Hallwood 3","Continue trapping","Not recorded","Not recorded",NA,4,4,"Yes",NA,NA,NA,NA
NA,NA,2008-04-30 10:51:00,"Hallwood","Hallwood 3","Continue trapping","Not recorded","Not recorded",NA,3.79999995231628,3.79999995231628,"Yes",NA,NA,NA,NA
NA,NA,2008-05-01 10:33:00,"Hallwood","Hallwood 3","Continue trapping","Not recorded","Not recorded",NA,5,5,"Yes",NA,NA,NA,NA
NA,NA,2008-05-02 09:12:00,"Hallwood","Hallwood 3","Continue trapping","Not recorded","Not recorded",NA,5.5,5.5,"Yes",NA,NA,NA,NA
NA,NA,2008-05-03 10:05:00,"Hallwood","Hallwood 3","Continue trapping","Not recorded","Not recorded",NA,5,5,"Yes",NA,NA,NA,NA
NA,NA,2008-05-04 11:38:00,"Hallwood","Hallwood 3","Continue trapping","Not recorded","Not recorded",NA,5,5.19999980926514,"Yes",NA,NA,NA,NA
NA,NA,2008-05-05 11:42:00,"Hallwood","Hallwood 3","Continue trapping","Not recorded","Not recorded",NA,4.90000009536743,5,"Yes",NA,NA,NA,NA
NA,NA,2008-05-06 11:49:00,"Hallwood","Hallwood 3","Continue trapping","Not recorded","Not recorded",NA,4.90000009536743,5,"Yes",NA,NA,NA,NA
NA,NA,2008-05-07 10:16:00,"Hallwood","Hallwood 3","Continue trapping","Not recorded","Not recorded",NA,4.5,4.69999980926514,"Yes",NA,NA,NA,NA
NA,NA,2008-05-08 09:20:00,"Hallwood","Hallwood 3","Continue trapping","Not recorded","Not recorded",NA,5,4.80000019073486,"Yes",NA,NA,NA,NA
NA,NA,2008-05-09 09:14:00,"Hallwood","Hallwood 3","Continue trapping","Not recorded","Not recorded",NA,4.80000019073486,5,"Yes",NA,NA,NA,NA
NA,NA,2008-05-10 09:11:00,"Hallwood","Hallwood 3","Continue trapping","Not recorded","Not recorded",NA,5.09999990463257,5.30000019073486,"Yes",NA,NA,NA,NA
NA,NA,2008-05-11 10:17:00,"Hallwood","Hallwood 3","Continue trapping","Not recorded","Not recorded",NA,4.19999980926514,4.5,"Yes",NA,NA,NA,NA
NA,NA,2008-05-12 08:29:00,"Hallwood","Hallwood 3","Continue trapping","Not recorded","Not recorded",NA,4.30000019073486,4.40000009536743,"Yes",NA,NA,NA,NA
NA,NA,2008-05-13 14:20:00,"Hallwood","Hallwood 3","Continue trapping","Not recorded","Not recorded",NA,4.40000009536743,4,"Yes",NA,NA,NA,NA
NA,NA,2008-05-14 07:59:00,"Hallwood","Hallwood 3","Continue trapping","Not recorded","Not recorded",NA,4,4,"Yes",NA,NA,NA,NA
NA,NA,2008-05-15 14:34:00,"Hallwood","Hallwood 3","Continue trapping","Not recorded","Not recorded",NA,4.40000009536743,4.40000009536743,"Yes",NA,NA,NA,NA
NA,NA,2008-05-16 08:24:00,"Hallwood","Hallwood 3","Continue trapping","Not recorded","Not recorded",NA,4.25,4.5,"Yes",NA,NA,NA,NA
NA,NA,2008-05-17 11:22:00,"Hallwood","Hallwood 3","Continue trapping","Not recorded","Not recorded",NA,4.40000009536743,4.30000019073486,"Yes",NA,NA,NA,NA
NA,NA,2008-05-18 10:47:00,"Hallwood","Hallwood 3","Continue trapping","Not recorded","Not recorded",NA,4.40000009536743,4.75,"Yes",NA,NA,NA,NA
NA,NA,2008-05-19 08:59:00,"Hallwood","Hallwood 3","Continue trapping","Not recorded","Not recorded",NA,4.30000019073486,4.40000009536743,"Yes",NA,NA,NA,NA
NA,NA,2008-05-20 09:25:00,"Hallwood","Hallwood 3","Continue trapping","Not recorded","Not recorded",NA,4,4.69999980926514,"Yes",NA,NA,NA,NA
NA,NA,2008-05-21 08:57:00,"Hallwood","Hallwood 3","Continue trapping","Not recorded","Not recorded",NA,4.09999990463257,4.19999980926514,"Yes",NA,NA,NA,NA
NA,NA,2008-05-22 08:27:00,"Hallwood","Hallwood 3","Continue trapping","Not recorded","Not recorded",NA,4.30000019073486,4.30000019073486,"Yes",NA,NA,NA,NA
NA,NA,2008-05-23 08:27:00,"Hallwood","Hallwood 3","Continue trapping","Not recorded","Not recorded",NA,4.30000019073486,4.5,"Yes",NA,NA,NA,NA
NA,NA,2008-05-24 11:56:00,"Hallwood","Hallwood 3","Continue trapping","Not recorded","Not recorded",NA,4.5,4.69999980926514,"Yes",NA,NA,NA,NA
NA,NA,2008-05-25 11:39:00,"Hallwood","Hallwood 3","Continue trapping","Not recorded","Not recorded",NA,4.5,4.80000019073486,"Yes",NA,NA,NA,NA
NA,NA,2008-05-26 08:51:00,"Hallwood","Hallwood 3","Continue trapping","Not recorded","Not recorded",NA,4.40000009536743,4.5,"Yes",NA,NA,NA,NA
NA,NA,2008-05-27 09:21:00,"Hallwood","Hallwood 3","Continue trapping","Not recorded","Not recorded",NA,4.5,4.69999980926514,"Yes",NA,NA,NA,NA
NA,NA,2008-05-28 08:44:00,"Hallwood","Hallwood 3","Continue trapping","Not recorded","Not recorded",NA,4,4,"Yes",NA,NA,NA,NA
NA,NA,2008-05-29 10:09:00,"Hallwood","Hallwood 3","Continue trapping","Not recorded","Not recorded",NA,4.30000019073486,4.5,"Yes",NA,NA,NA,NA
NA,NA,2008-05-30 08:48:00,"Hallwood","Hallwood 3","Continue trapping","Not recorded","Not recorded",NA,4.5,4.40000009536743,"Yes",NA,NA,NA,NA
NA,NA,2008-05-31 09:52:00,"Hallwood","Hallwood 3","Continue trapping","Not recorded","Not recorded",NA,4,4,"Yes",NA,NA,NA,NA
NA,NA,2008-06-01 10:37:00,"Hallwood","Hallwood 3","Continue trapping","Not recorded","Not recorded",NA,3.29999995231628,3.09999990463257,"Yes",NA,NA,NA,NA
NA,NA,2008-06-02 08:55:00,"Hallwood","Hallwood 3","Continue trapping","Not recorded","Not recorded",NA,2.29999995231628,2.29999995231628,"Yes",NA,NA,NA,NA
NA,NA,2008-06-03 09:35:00,"Hallwood","Hallwood 3","Continue trapping","Not recorded","Not recorded",NA,2.09999990463257,2.29999995231628,"Yes",NA,NA,NA,NA
NA,NA,2008-06-04 10:02:00,"Hallwood","Hallwood 3","Continue trapping","Not recorded","Not recorded",NA,2,2.20000004768372,"Yes",NA,NA,NA,NA
NA,NA,2008-06-05 10:40:00,"Hallwood","Hallwood 3","Continue trapping","Not recorded","Not recorded",NA,2.09999990463257,2.29999995231628,"Yes",NA,NA,NA,NA
NA,NA,2008-06-06 09:16:00,"Hallwood","Hallwood 3","Continue trapping","Not recorded","Not recorded",NA,2.5,2.59999990463257,"Yes",NA,NA,NA,NA
NA,NA,2008-06-07 09:42:00,"Hallwood","Hallwood 3","Continue trapping","Not recorded","Not recorded",NA,2.20000004768372,2.29999995231628,"Yes",NA,NA,NA,NA
NA,NA,2008-06-08 09:56:00,"Hallwood","Hallwood 3","Continue trapping","Not recorded","Not recorded",NA,2,2,"Yes",NA,NA,NA,NA
NA,NA,2008-06-09 10:05:00,"Hallwood","Hallwood 3","Continue trapping","Not recorded","Not recorded",NA,2,2,"Yes",NA,NA,NA,NA
NA,NA,2008-06-10 08:46:00,"Hallwood","Hallwood 3","Continue trapping","Not recorded","Not recorded",NA,1.5,2.09999990463257,"Yes",NA,NA,NA,NA
NA,NA,2008-06-11 09:20:00,"Hallwood","Hallwood 3","Continue trapping","Not recorded","Not recorded",NA,1.89999997615814,2,"Yes",NA,NA,NA,NA
NA,NA,2008-06-12 08:36:00,"Hallwood","Hallwood 3","Continue trapping","Not recorded","Not recorded",NA,1.70000004768372,2.09999990463257,"Yes",NA,NA,NA,NA
NA,NA,2008-06-13 10:03:00,"Hallwood","Hallwood 3","Continue trapping","Not recorded","Not recorded",NA,1.70000004768372,1.89999997615814,"Yes",NA,NA,NA,NA
NA,NA,2008-06-14 09:55:00,"Hallwood","Hallwood 3","Continue trapping","Not recorded","Not recorded",NA,1.79999995231628,2,"Yes",NA,NA,NA,NA
NA,NA,2008-06-15 10:16:00,"Hallwood","Hallwood 3","Continue trapping","Not recorded","Not recorded",NA,2,2,"Yes",NA,NA,NA,NA
NA,NA,2008-06-16 09:00:00,"Hallwood","Hallwood 3","Continue trapping","Not recorded","Not recorded",NA,1.79999995231628,1.89999997615814,"Yes",NA,NA,NA,NA
NA,NA,2008-06-17 10:03:00,"Hallwood","Hallwood 3","Continue trapping","Not recorded","Not recorded",NA,1.79999995231628,2.09999990463257,"Yes",NA,NA,NA,NA
NA,NA,2008-06-18 10:32:00,"Hallwood","Hallwood 3","Continue trapping","Not recorded","Not recorded",NA,2,2,"Yes",NA,NA,NA,NA
NA,NA,2008-06-19 08:45:00,"Hallwood","Hallwood 3","Continue trapping","Not recorded","Not recorded",NA,1.79999995231628,2,"Yes",NA,NA,NA,NA
NA,NA,2008-06-20 09:31:00,"Hallwood","Hallwood 3","Continue trapping","Not recorded","Not recorded",NA,2,2,"Yes",NA,NA,NA,NA
NA,NA,2008-06-22 09:09:00,"Hallwood","Hallwood 3","Continue trapping","Not recorded","Not recorded",NA,1.20000004768372,1.89999997615814,"Yes",NA,NA,NA,NA
NA,NA,2008-06-23 09:36:00,"Hallwood","Hallwood 3","Continue trapping","Not recorded","Not recorded",NA,1.39999997615814,1.5,"Yes",NA,NA,NA,NA
NA,NA,2008-06-26 09:56:00,"Hallwood","Hallwood 3","Continue trapping","Not recorded","Not recorded",NA,1.39999997615814,1.60000002384186,"Yes",NA,NA,NA,NA
NA,NA,2008-06-28 09:24:00,"Hallwood","Hallwood 3","Continue trapping","Not recorded","Not recorded",NA,1.20000004768372,1.70000004768372,"Yes",NA,NA,NA,NA
NA,NA,2008-07-03 09:57:00,"Hallwood","Hallwood 3","Continue trapping","Not recorded","Not recorded",NA,0.800000011920929,3.20000004768372,"Yes",NA,NA,NA,NA
NA,NA,2008-07-05 10:26:00,"Hallwood","Hallwood 3","Continue trapping","Not recorded","Not recorded",NA,1.70000004768372,3.5,"Yes",NA,NA,NA,NA
NA,NA,2008-07-08 08:42:00,"Hallwood","Hallwood 3","Continue trapping","Not recorded","Not recorded",NA,1.79999995231628,1.79999995231628,"Yes",NA,NA,NA,NA
NA,NA,2008-07-25 09:13:00,"Hallwood","Hallwood 3","Continue trapping","Not recorded","Not recorded",NA,1.39999997615814,3.29999995231628,"Yes",NA,NA,NA,NA
NA,NA,2008-07-31 09:06:00,"Hallwood","Hallwood 3","Continue trapping","Not recorded","Not recorded",NA,1.70000004768372,3.40000009536743,"Yes",NA,NA,NA,NA
NA,NA,2008-09-23 09:20:00,"Hallwood","Hallwood 3","Continue trapping","Not recorded","Not recorded",NA,2.29999995231628,2.29999995231628,"Yes",NA,NA,NA,NA
NA,NA,2008-10-01 09:17:00,"Hallwood","Hallwood 3","Continue trapping","Not recorded","Not recorded",NA,2.70000004768372,2.90000009536743,"Yes",NA,NA,NA,NA
NA,NA,2008-11-23 09:53:00,"Hallwood","Hallwood 3","Continue trapping","Not recorded","Not recorded",NA,1.29999995231628,2.29999995231628,"Yes",NA,NA,NA,NA
NA,NA,2008-11-24 08:50:00,"Hallwood","Hallwood 3","Continue trapping","Not recorded","Not recorded",NA,1.10000002384186,2.09999990463257,"Yes",NA,NA,NA,NA
NA,NA,2008-11-25 09:30:00,"Hallwood","Hallwood 3","Continue trapping","Not recorded","Not recorded",NA,1,2,"Yes",NA,NA,NA,NA
NA,NA,2008-11-27 10:10:00,"Hallwood","Hallwood 3","Continue trapping","Not recorded","Not recorded",NA,1.79999995231628,2.29999995231628,"Yes",NA,NA,NA,NA
NA,NA,2008-11-28 09:01:00,"Hallwood","Hallwood 3","Continue trapping","Not recorded","Not recorded",NA,1.29999995231628,2.20000004768372,"Yes",NA,NA,NA,NA
NA,NA,2008-11-29 09:48:00,"Hallwood","Hallwood 3","Continue trapping","Not recorded","Not recorded",NA,1.5,2.70000004768372,"Yes",NA,NA,NA,NA
NA,NA,2008-11-30 09:18:00,"Hallwood","Hallwood 3","Continue trapping","Not recorded","Not recorded",NA,2.20000004768372,2.79999995231628,"Yes",NA,NA,NA,NA
NA,NA,2008-12-01 09:00:00,"Hallwood","Hallwood 3","Continue trapping","Not recorded","Not recorded",NA,2,2.79999995231628,"Yes",NA,NA,NA,NA
NA,NA,2008-12-19 08:40:00,"Hallwood","Hallwood 3","Continue trapping","Not recorded","Not recorded",NA,1.89999997615814,2.90000009536743,"Yes",NA,NA,NA,NA
NA,NA,2008-12-20 11:07:00,"Hallwood","Hallwood 3","Continue trapping","Not recorded","Not recorded",NA,1.79999995231628,3,"Yes",NA,NA,NA,NA
NA,NA,2008-12-21 10:16:00,"Hallwood","Hallwood 3","Continue trapping","Not recorded","Not recorded",NA,1.70000004768372,3,"Yes",NA,NA,NA,NA
NA,NA,2008-12-22 09:51:00,"Hallwood","Hallwood 3","Continue trapping","Not recorded","Not recorded",NA,0.699999988079071,2.59999990463257,"Yes",NA,NA,NA,NA
NA,NA,2008-12-23 09:26:00,"Hallwood","Hallwood 3","Continue trapping","Not recorded","Not recorded",NA,1.10000002384186,2.29999995231628,"Yes",NA,NA,NA,NA
NA,NA,2008-12-24 11:09:00,"Hallwood","Hallwood 3","Continue trapping","Not recorded","Not recorded",NA,1.5,3.70000004768372,"Yes",NA,NA,NA,NA
NA,NA,2008-12-25 12:07:00,"Hallwood","Hallwood 3","Continue trapping","Not recorded","Not recorded",NA,1.70000004768372,5.19999980926514,"Yes",NA,NA,NA,NA
NA,NA,2008-12-26 13:14:00,"Hallwood","Hallwood 3","Continue trapping","Not recorded","Not recorded",NA,1.20000004768372,4.30000019073486,"Yes",NA,NA,NA,NA
NA,NA,2008-12-27 10:56:00,"Hallwood","Hallwood 3","Continue trapping","Not recorded","Not recorded",NA,3.5,4,"Yes",NA,NA,NA,NA
NA,NA,2008-12-28 10:49:00,"Hallwood","Hallwood 3","Continue trapping","Not recorded","Not recorded",NA,3.29999995231628,3.70000004768372,"Yes",NA,NA,NA,NA
NA,NA,2008-12-29 10:47:00,"Hallwood","Hallwood 3","Continue trapping","Not recorded","Not recorded",NA,3.20000004768372,3.79999995231628,"Yes",NA,NA,NA,NA
NA,NA,2008-12-30 09:29:00,"Hallwood","Hallwood 3","Continue trapping","Not recorded","Not recorded",NA,3.09999990463257,3.40000009536743,"Yes",NA,NA,NA,NA
NA,NA,2008-12-31 09:26:00,"Hallwood","Hallwood 3","Continue trapping","Not recorded","Not recorded",NA,3.70000004768372,3.20000004768372,"Yes",NA,NA,NA,NA
NA,NA,2009-01-01 10:38:00,"Hallwood","Hallwood 3","Continue trapping","Not recorded","Not recorded",NA,3,3.09999990463257,"Yes",NA,NA,NA,NA
NA,NA,2009-01-02 09:35:00,"Hallwood","Hallwood 3","Continue trapping","Not recorded","Not recorded",NA,2.79999995231628,3,"Yes",NA,NA,NA,NA
NA,NA,2009-01-03 10:45:00,"Hallwood","Hallwood 3","Continue trapping","Not recorded","Not recorded",NA,2.5,3.29999995231628,"Yes",NA,NA,NA,NA
NA,NA,2009-01-04 10:58:00,"Hallwood","Hallwood 3","Continue trapping","Not recorded","Not recorded",NA,2.5,3.5,"Yes",NA,NA,NA,NA
NA,NA,2009-01-05 10:05:00,"Hallwood","Hallwood 3","Continue trapping","Not recorded","Not recorded",NA,2.5,3.29999995231628,"Yes",NA,NA,NA,NA
NA,NA,2009-01-06 09:50:00,"Hallwood","Hallwood 3","Continue trapping","Not recorded","Not recorded",NA,2.59999990463257,3,"Yes",NA,NA,NA,NA
NA,NA,2009-01-07 09:20:00,"Hallwood","Hallwood 3","Continue trapping","Not recorded","Not recorded",NA,2.20000004768372,2.90000009536743,"Yes",NA,NA,NA,NA
NA,NA,2009-01-08 12:10:00,"Hallwood","Hallwood 3","Continue trapping","Not recorded","Not recorded",NA,2,3,"Yes",NA,NA,NA,NA
NA,NA,2009-01-09 11:13:00,"Hallwood","Hallwood 3","Continue trapping","Not recorded","Not recorded",NA,2.20000004768372,3.09999990463257,"Yes",NA,NA,NA,NA
NA,NA,2009-01-10 11:25:00,"Hallwood","Hallwood 3","Continue trapping","Not recorded","Not recorded",NA,2,3.70000004768372,"Yes",NA,NA,NA,NA
NA,NA,2009-01-11 11:30:00,"Hallwood","Hallwood 3","Continue trapping","Not recorded","Not recorded",NA,2.79999995231628,3.29999995231628,"Yes",NA,NA,NA,NA
NA,NA,2009-01-12 09:22:00,"Hallwood","Hallwood 3","Continue trapping","Not recorded","Not recorded",NA,2.59999990463257,3.29999995231628,"Yes",NA,NA,NA,NA
NA,NA,2009-01-13 09:35:00,"Hallwood","Hallwood 3","Continue trapping","Not recorded","Not recorded",NA,2.09999990463257,3,"Yes",NA,NA,NA,NA
NA,NA,2009-01-14 08:45:00,"Hallwood","Hallwood 3","Continue trapping","Not recorded","Not recorded",NA,1.89999997615814,2.70000004768372,"Yes",NA,NA,NA,NA
NA,NA,2009-01-15 09:25:00,"Hallwood","Hallwood 3","Continue trapping","Not recorded","Not recorded",NA,1.79999995231628,2.59999990463257,"Yes",NA,NA,NA,NA
NA,NA,2009-01-16 09:20:00,"Hallwood","Hallwood 3","Continue trapping","Not recorded","Not recorded",NA,1.89999997615814,2.90000009536743,"Yes",NA,NA,NA,NA
NA,NA,2009-01-17 11:34:00,"Hallwood","Hallwood 3","Continue trapping","Not recorded","Not recorded",NA,1.5,2.79999995231628,"Yes",NA,NA,NA,NA
NA,NA,2009-01-18 11:39:00,"Hallwood","Hallwood 3","Continue trapping","Not recorded","Not recorded",NA,2.20000004768372,3,"Yes",NA,NA,NA,NA
NA,NA,2009-01-19 09:58:00,"Hallwood","Hallwood 3","Continue trapping","Not recorded","Not recorded",NA,2.29999995231628,2.5,"Yes",NA,NA,NA,NA
NA,NA,2009-01-20 08:50:00,"Hallwood","Hallwood 3","Continue trapping","Not recorded","Not recorded",NA,1.60000002384186,2.59999990463257,"Yes",NA,NA,NA,NA
NA,NA,2009-01-21 08:50:00,"Hallwood","Hallwood 3","Continue trapping","Not recorded","Not recorded",NA,1.70000004768372,2.79999995231628,"Yes",NA,NA,NA,NA
NA,NA,2009-01-22 08:50:00,"Hallwood","Hallwood 3","Continue trapping","Not recorded","Not recorded",NA,2,2.59999990463257,"Yes",NA,NA,NA,NA
NA,NA,2009-01-23 09:00:00,"Hallwood","Hallwood 3","Continue trapping","Not recorded","Not recorded",NA,1.79999995231628,2.90000009536743,"Yes",NA,NA,NA,NA
NA,NA,2009-01-24 11:56:00,"Hallwood","Hallwood 3","Continue trapping","Not recorded","Not recorded",NA,0.0900000035762787,NA,"Yes",NA,NA,NA,NA
NA,NA,2009-01-25 11:53:00,"Hallwood","Hallwood 3","Continue trapping","Not recorded","Not recorded",NA,2.40000009536743,4,"Yes",NA,NA,NA,NA
NA,NA,2009-01-26 10:09:00,"Hallwood","Hallwood 3","Continue trapping","Not recorded","Not recorded",NA,2.59999990463257,3,"Yes",NA,NA,NA,NA
NA,NA,2009-01-27 09:10:00,"Hallwood","Hallwood 3","Continue trapping","Not recorded","Not recorded",NA,2.5,3.5,"Yes",NA,NA,NA,NA
NA,NA,2009-01-28 09:55:00,"Hallwood","Hallwood 3","Continue trapping","Not recorded","Not recorded",NA,2.5,3.5,"Yes",NA,NA,NA,NA
NA,NA,2009-01-29 09:30:00,"Hallwood","Hallwood 3","Continue trapping","Not recorded","Not recorded",NA,2.5,3.20000004768372,"Yes",NA,NA,NA,NA
NA,NA,2009-01-30 09:20:00,"Hallwood","Hallwood 3","Continue trapping","Not recorded","Not recorded",NA,2.40000009536743,3.20000004768372,"Yes",NA,NA,NA,NA
NA,NA,2009-01-31 11:14:00,"Hallwood","Hallwood 3","Continue trapping","Not recorded","Not recorded",NA,2.09999990463257,3.29999995231628,"Yes",NA,NA,NA,NA
NA,NA,2009-02-01 10:19:00,"Hallwood","Hallwood 3","Continue trapping","Not recorded","Not recorded",NA,2,3.29999995231628,"Yes",NA,NA,NA,NA
NA,NA,2009-02-02 10:30:00,"Hallwood","Hallwood 3","Continue trapping","Not recorded","Not recorded",NA,2.20000004768372,3.29999995231628,"Yes",NA,NA,NA,NA
NA,NA,2009-02-03 10:45:00,"Hallwood","Hallwood 3","Continue trapping","Not recorded","Not recorded",NA,2,3.29999995231628,"Yes",NA,NA,NA,NA
NA,NA,2009-02-04 10:40:00,"Hallwood","Hallwood 3","Continue trapping","Not recorded","Not recorded",NA,3,3.20000004768372,"Yes",NA,NA,NA,NA
NA,NA,2009-02-05 10:30:00,"Hallwood","Hallwood 3","Continue trapping","Not recorded","Not recorded",NA,1.5,3,"Yes",NA,NA,NA,NA
NA,NA,2009-02-06 09:00:00,"Hallwood","Hallwood 3","Continue trapping","Not recorded","Not recorded",NA,2.59999990463257,3.20000004768372,"Yes",NA,NA,NA,NA
NA,NA,2009-02-07 10:09:00,"Hallwood","Hallwood 3","Continue trapping","Not recorded","Not recorded",NA,2.40000009536743,3,"Yes",NA,NA,NA,NA
NA,NA,2009-02-08 09:49:00,"Hallwood","Hallwood 3","Continue trapping","Not recorded","Not recorded",NA,1.20000004768372,2.09999990463257,"Yes",NA,NA,NA,NA
NA,NA,2009-02-09 08:45:00,"Hallwood","Hallwood 3","Continue trapping","Not recorded","Not recorded",NA,1.20000004768372,2.16000008583069,"Yes",NA,NA,NA,NA
NA,NA,2009-02-10 08:40:00,"Hallwood","Hallwood 3","Continue trapping","Not recorded","Not recorded",NA,1,3,"Yes",NA,NA,NA,NA
NA,NA,2009-02-11 09:15:00,"Hallwood","Hallwood 3","Continue trapping","Not recorded","Not recorded",NA,2,3.20000004768372,"Yes",NA,NA,NA,NA
NA,NA,2009-02-12 09:09:00,"Hallwood","Hallwood 3","Continue trapping","Not recorded","Not recorded",NA,2.09999990463257,2.79999995231628,"Yes",NA,NA,NA,NA
NA,NA,2009-02-13 08:58:00,"Hallwood","Hallwood 3","Continue trapping","Not recorded","Not recorded",NA,2.5,3.5,"Yes",NA,NA,NA,NA
NA,NA,2009-02-14 12:21:00,"Hallwood","Hallwood 3","Continue trapping","Not recorded","Not recorded",NA,1.10000002384186,4,"Yes",NA,NA,NA,NA
NA,NA,2009-02-15 11:37:00,"Hallwood","Hallwood 3","Continue trapping","Not recorded","Not recorded",NA,2.20000004768372,4.19999980926514,"Yes",NA,NA,NA,NA
NA,NA,2009-02-16 08:51:00,"Hallwood","Hallwood 3","Continue trapping","Not recorded","Not recorded",NA,4,4.69999980926514,"Yes",NA,NA,NA,NA
NA,NA,2009-02-17 08:53:00,"Hallwood","Hallwood 3","Continue trapping","Not recorded","Not recorded",NA,1.60000002384186,5.5,"Yes",NA,NA,NA,NA
NA,NA,2009-02-18 08:41:00,"Hallwood","Hallwood 3","Continue trapping","Not recorded","Not recorded",NA,2.29999995231628,6.80000019073486,"Yes",NA,NA,NA,NA
NA,NA,2009-02-19 08:20:00,"Hallwood","Hallwood 3","Continue trapping","Not recorded","Not recorded",NA,4,5,"Yes",NA,NA,NA,NA
NA,NA,2009-02-20 08:38:00,"Hallwood","Hallwood 3","Continue trapping","Not recorded","Not recorded",NA,4,4.5,"Yes",NA,NA,NA,NA
NA,NA,2009-02-21 09:39:00,"Hallwood","Hallwood 3","Continue trapping","Not recorded","Not recorded",NA,3.90000009536743,4.69999980926514,"Yes",NA,NA,NA,NA
NA,NA,2009-02-22 10:48:00,"Hallwood","Hallwood 3","Continue trapping","Not recorded","Not recorded",NA,3.79999995231628,4.80000019073486,"Yes",NA,NA,NA,NA
NA,NA,2009-02-23 05:30:00,"Hallwood","Hallwood 3","End trapping","Not recorded","Not recorded",NA,0,0,"Yes",NA,NA,NA,NA
NA,NA,2009-03-08 11:47:00,"Hallwood","Hallwood 3","Continue trapping","Not recorded","Not recorded",NA,4.30000019073486,5.90000009536743,"Yes",NA,NA,NA,NA
NA,NA,2009-03-09 08:59:00,"Hallwood","Hallwood 3","Continue trapping","Not recorded","Not recorded",NA,5.80000019073486,5.80000019073486,"Yes",NA,NA,NA,NA
NA,NA,2009-03-10 09:44:00,"Hallwood","Hallwood 3","Continue trapping","Not recorded","Not recorded",NA,5.5,5.59999990463257,"Yes",NA,NA,NA,NA
NA,NA,2009-03-11 09:19:00,"Hallwood","Hallwood 3","Continue trapping","Not recorded","Not recorded",NA,5.30000019073486,5.5,"Yes",NA,NA,NA,NA
NA,NA,2009-03-12 09:10:00,"Hallwood","Hallwood 3","Continue trapping","Not recorded","Not recorded",NA,5.30000019073486,5.30000019073486,"Yes",NA,NA,NA,NA
NA,NA,2009-03-13 09:05:00,"Hallwood","Hallwood 3","Continue trapping","Not recorded","Not recorded",NA,5,5.5,"Yes",NA,NA,NA,NA
NA,NA,2009-03-14 09:03:00,"Hallwood","Hallwood 3","Continue trapping","Not recorded","Not recorded",NA,4.80000019073486,4.90000009536743,"Yes",NA,NA,NA,NA
NA,NA,2009-03-15 10:58:00,"Hallwood","Hallwood 3","Continue trapping","Not recorded","Not recorded",NA,4.69999980926514,5.30000019073486,"Yes",NA,NA,NA,NA
NA,NA,2009-03-16 09:19:00,"Hallwood","Hallwood 3","Continue trapping","Not recorded","Not recorded",NA,5,5.19999980926514,"Yes",NA,NA,NA,NA
NA,NA,2009-03-17 10:48:00,"Hallwood","Hallwood 3","Continue trapping","Not recorded","Not recorded",NA,5,5,"Yes",NA,NA,NA,NA
NA,NA,2009-03-18 09:53:00,"Hallwood","Hallwood 3","Continue trapping","Not recorded","Not recorded",NA,4.69999980926514,5,"Yes",NA,NA,NA,NA
NA,NA,2009-03-19 09:32:00,"Hallwood","Hallwood 3","Continue trapping","Not recorded","Not recorded",NA,4.5,4.80000019073486,"Yes",NA,NA,NA,NA
NA,NA,2009-03-20 09:25:00,"Hallwood","Hallwood 3","Continue trapping","Not recorded","Not recorded",NA,4,4.5,"Yes",NA,NA,NA,NA
NA,NA,2009-03-21 11:29:00,"Hallwood","Hallwood 3","Continue trapping","Not recorded","Not recorded",NA,3.5,4.80000019073486,"Yes",NA,NA,NA,NA
NA,NA,2009-03-22 10:37:00,"Hallwood","Hallwood 3","Continue trapping","Not recorded","Not recorded",NA,3.70000004768372,4.90000009536743,"Yes",NA,NA,NA,NA
NA,NA,2009-03-23 09:40:00,"Hallwood","Hallwood 3","Continue trapping","Not recorded","Not recorded",NA,4.40000009536743,NA,"Yes",NA,NA,NA,NA
NA,NA,2009-03-24 09:32:00,"Hallwood","Hallwood 3","Continue trapping","Not recorded","Not recorded",NA,3.79999995231628,4.09999990463257,"Yes",NA,NA,NA,NA
NA,NA,2009-03-25 08:57:00,"Hallwood","Hallwood 3","Continue trapping","Not recorded","Not recorded",NA,3.70000004768372,4.80000019073486,"Yes",NA,NA,NA,NA
NA,NA,2009-03-26 09:10:00,"Hallwood","Hallwood 3","Continue trapping","Not recorded","Not recorded",NA,3,5.19999980926514,"Yes",NA,NA,NA,NA
NA,NA,2009-03-27 08:50:00,"Hallwood","Hallwood 3","Continue trapping","Not recorded","Not recorded",NA,2.90000009536743,3.09999990463257,"Yes",NA,NA,NA,NA
NA,NA,2009-03-28 10:41:00,"Hallwood","Hallwood 3","Continue trapping","Not recorded","Not recorded",NA,4.30000019073486,6,"Yes",NA,NA,NA,NA
NA,NA,2009-03-29 11:33:00,"Hallwood","Hallwood 3","Continue trapping","Not recorded","Not recorded",NA,2.79999995231628,5.69999980926514,"Yes",NA,NA,NA,NA
NA,NA,2009-03-30 09:07:00,"Hallwood","Hallwood 3","Continue trapping","Not recorded","Not recorded",NA,3.29999995231628,3.5,"Yes",NA,NA,NA,NA
NA,NA,2009-03-31 08:56:00,"Hallwood","Hallwood 3","Continue trapping","Not recorded","Not recorded",NA,3.70000004768372,5.69999980926514,"Yes",NA,NA,NA,NA
NA,NA,2009-04-01 08:45:00,"Hallwood","Hallwood 3","Continue trapping","Not recorded","Not recorded",NA,0,6.09999990463257,"Yes",NA,NA,NA,NA
NA,NA,2009-04-02 09:03:00,"Hallwood","Hallwood 3","Continue trapping","Not recorded","Not recorded",NA,3.5,6.69999980926514,"Yes",NA,NA,NA,NA
NA,NA,2009-04-03 09:15:00,"Hallwood","Hallwood 3","Continue trapping","Not recorded","Not recorded",NA,4.5,7,"Yes",NA,NA,NA,NA
NA,NA,2009-04-04 12:31:00,"Hallwood","Hallwood 3","Continue trapping","Not recorded","Not recorded",NA,4.5,7.5,"Yes",NA,NA,NA,NA
NA,NA,2009-04-05 10:40:00,"Hallwood","Hallwood 3","Continue trapping","Not recorded","Not recorded",NA,5.5,7.69999980926514,"Yes",NA,NA,NA,NA
NA,NA,2009-04-06 08:57:00,"Hallwood","Hallwood 3","Continue trapping","Not recorded","Not recorded",NA,5.59999990463257,7.09999990463257,"Yes",NA,NA,NA,NA
NA,NA,2009-04-07 08:46:00,"Hallwood","Hallwood 3","Continue trapping","Not recorded","Not recorded",NA,5,7,"Yes",NA,NA,NA,NA
NA,NA,2009-04-08 08:52:00,"Hallwood","Hallwood 3","Continue trapping","Not recorded","Not recorded",NA,5,6.09999990463257,"Yes",NA,NA,NA,NA
NA,NA,2009-04-09 10:19:00,"Hallwood","Hallwood 3","Continue trapping","Not recorded","Not recorded",NA,5.19999980926514,7,"Yes",NA,NA,NA,NA
NA,NA,2009-04-10 09:25:00,"Hallwood","Hallwood 3","Continue trapping","Not recorded","Not recorded",NA,5.80000019073486,7.69999980926514,"Yes",NA,NA,NA,NA
NA,NA,2009-04-11 12:03:00,"Hallwood","Hallwood 3","Continue trapping","Not recorded","Not recorded",NA,4.80000019073486,7.69999980926514,"Yes",NA,NA,NA,NA
NA,NA,2009-04-12 11:22:00,"Hallwood","Hallwood 3","Continue trapping","Not recorded","Not recorded",NA,5.5,7.69999980926514,"Yes",NA,NA,NA,NA
NA,NA,2009-04-13 08:54:00,"Hallwood","Hallwood 3","Continue trapping","Not recorded","Not recorded",NA,5,8,"Yes",NA,NA,NA,NA
NA,NA,2009-04-14 08:54:00,"Hallwood","Hallwood 3","Continue trapping","Not recorded","Not recorded",NA,4.5,7.09999990463257,"Yes",NA,NA,NA,NA
NA,NA,2009-04-15 09:09:00,"Hallwood","Hallwood 3","Continue trapping","Not recorded","Not recorded",NA,4.59999990463257,7,"Yes",NA,NA,NA,NA
NA,NA,2009-04-16 09:32:00,"Hallwood","Hallwood 3","Continue trapping","Not recorded","Not recorded",NA,5,7,"Yes",NA,NA,NA,NA
NA,NA,2009-04-17 08:54:00,"Hallwood","Hallwood 3","Continue trapping","Not recorded","Not recorded",NA,5.30000019073486,6.5,"Yes",NA,NA,NA,NA
NA,NA,2009-04-18 12:07:00,"Hallwood","Hallwood 3","Continue trapping","Not recorded","Not recorded",NA,4.30000019073486,6.30000019073486,"Yes",NA,NA,NA,NA
NA,NA,2009-04-19 09:15:00,"Hallwood","Hallwood 3","Continue trapping","Not recorded","Not recorded",NA,5,6.30000019073486,"Yes",NA,NA,NA,NA
NA,NA,2009-04-20 08:41:00,"Hallwood","Hallwood 3","Continue trapping","Not recorded","Not recorded",NA,5.30000019073486,6.5,"Yes",NA,NA,NA,NA
NA,NA,2009-04-21 09:37:00,"Hallwood","Hallwood 3","Continue trapping","Not recorded","Not recorded",NA,5.59999990463257,6.30000019073486,"Yes",NA,NA,NA,NA
NA,NA,2009-04-22 10:04:00,"Hallwood","Hallwood 3","Continue trapping","Not recorded","Not recorded",NA,5.19999980926514,6.59999990463257,"Yes",NA,NA,NA,NA
NA,NA,2009-04-23 09:09:00,"Hallwood","Hallwood 3","Continue trapping","Not recorded","Not recorded",NA,4.09999990463257,5.30000019073486,"Yes",NA,NA,NA,NA
NA,NA,2009-04-24 09:38:00,"Hallwood","Hallwood 3","Continue trapping","Not recorded","Not recorded",NA,4.19999980926514,6.19999980926514,"Yes",NA,NA,NA,NA
NA,NA,2009-04-25 11:53:00,"Hallwood","Hallwood 3","Continue trapping","Not recorded","Not recorded",NA,4,4.80000019073486,"Yes",NA,NA,NA,NA
NA,NA,2009-04-26 10:10:00,"Hallwood","Hallwood 3","Continue trapping","Not recorded","Not recorded",NA,4.09999990463257,4.30000019073486,"Yes",NA,NA,NA,NA
NA,NA,2009-04-27 10:48:00,"Hallwood","Hallwood 3","Continue trapping","Not recorded","Not recorded",NA,3.20000004768372,4,"Yes",NA,NA,NA,NA
NA,NA,2009-04-28 09:09:00,"Hallwood","Hallwood 3","Continue trapping","Not recorded","Not recorded",NA,3.29999995231628,3.79999995231628,"Yes",NA,NA,NA,NA
NA,NA,2009-04-29 09:49:00,"Hallwood","Hallwood 3","Continue trapping","Not recorded","Not recorded",NA,2.59999990463257,3.29999995231628,"Yes",NA,NA,NA,NA
NA,NA,2009-04-30 10:00:00,"Hallwood","Hallwood 3","Continue trapping","Not recorded","Not recorded",NA,3,3.29999995231628,"Yes",NA,NA,NA,NA
NA,NA,2009-05-01 10:48:00,"Hallwood","Hallwood 3","Continue trapping","Not recorded","Not recorded",NA,3,3.29999995231628,"Yes",NA,NA,NA,NA
NA,NA,2009-05-02 11:44:00,"Hallwood","Hallwood 3","Continue trapping","Not recorded","Not recorded",NA,4.19999980926514,5,"Yes",NA,NA,NA,NA
NA,NA,2009-05-03 11:27:00,"Hallwood","Hallwood 3","Continue trapping","Not recorded","Not recorded",NA,4.69999980926514,6.5,"Yes",NA,NA,NA,NA
NA,NA,2009-05-30 10:54:00,"Hallwood","Hallwood 3","Continue trapping","Not recorded","Not recorded",NA,8.69999980926514,9,"Yes",NA,NA,NA,NA
NA,NA,2009-05-31 13:18:00,"Hallwood","Hallwood 3","Continue trapping","Not recorded","Not recorded",NA,7.30000019073486,7.5,"Yes",NA,NA,NA,NA
NA,NA,2009-06-01 09:20:00,"Hallwood","Hallwood 3","Continue trapping","Not recorded","Not recorded",NA,7.19999980926514,7.30000019073486,"Yes",NA,NA,NA,NA
NA,NA,2009-06-02 09:08:00,"Hallwood","Hallwood 3","Continue trapping","Not recorded","Not recorded",NA,7.30000019073486,7.30000019073486,"Yes",NA,NA,NA,NA
NA,NA,2009-06-03 09:11:00,"Hallwood","Hallwood 3","Continue trapping","Not recorded","Not recorded",NA,7.30000019073486,8,"Yes",NA,NA,NA,NA
NA,NA,2009-06-04 08:44:00,"Hallwood","Hallwood 3","Continue trapping","Not recorded","Not recorded",NA,8.5,8.60000038146973,"Yes",NA,NA,NA,NA
NA,NA,2009-06-05 10:42:00,"Hallwood","Hallwood 3","Continue trapping","Not recorded","Not recorded",NA,8,8,"Yes",NA,NA,NA,NA
NA,NA,2009-06-06 12:46:00,"Hallwood","Hallwood 3","Continue trapping","Not recorded","Not recorded",NA,8,8.80000019073486,"Yes",NA,NA,NA,NA
NA,NA,2009-06-07 09:36:00,"Hallwood","Hallwood 3","Continue trapping","Not recorded","Not recorded",NA,8.5,8.5,"Yes",NA,NA,NA,NA
NA,NA,2009-06-08 10:26:00,"Hallwood","Hallwood 3","Continue trapping","Not recorded","Not recorded",NA,8.60000038146973,8.69999980926514,"Yes",NA,NA,NA,NA
NA,NA,2009-06-09 10:19:00,"Hallwood","Hallwood 3","Continue trapping","Not recorded","Not recorded",NA,8.39999961853027,8.60000038146973,"Yes",NA,NA,NA,NA
NA,NA,2009-06-10 09:32:00,"Hallwood","Hallwood 3","Continue trapping","Not recorded","Not recorded",NA,8.19999980926514,8,"Yes",NA,NA,NA,NA
NA,NA,2009-06-11 09:40:00,"Hallwood","Hallwood 3","Continue trapping","Not recorded","Not recorded",NA,8.19999980926514,8.19999980926514,"Yes",NA,NA,NA,NA
NA,NA,2009-06-12 09:20:00,"Hallwood","Hallwood 3","Continue trapping","Not recorded","Not recorded",NA,8,8.60000038146973,"Yes",NA,NA,NA,NA
NA,NA,2009-06-13 08:29:00,"Hallwood","Hallwood 3","Continue trapping","Not recorded","Not recorded",NA,8.30000019073486,8.5,"Yes",NA,NA,NA,NA
NA,NA,2009-06-14 12:47:00,"Hallwood","Hallwood 3","Continue trapping","Not recorded","Not recorded",NA,6,7.30000019073486,"Yes",NA,NA,NA,NA
NA,NA,2009-06-15 11:49:00,"Hallwood","Hallwood 3","Continue trapping","Not recorded","Not recorded",NA,7,7.19999980926514,"Yes",NA,NA,NA,NA
NA,NA,2009-06-16 09:56:00,"Hallwood","Hallwood 3","Continue trapping","Not recorded","Not recorded",NA,7,7.19999980926514,"Yes",NA,NA,NA,NA
NA,NA,2009-06-17 08:50:00,"Hallwood","Hallwood 3","Continue trapping","Not recorded","Not recorded",NA,6.59999990463257,7.09999990463257,"Yes",NA,NA,NA,NA
NA,NA,2009-06-18 09:09:00,"Hallwood","Hallwood 3","Continue trapping","Not recorded","Not recorded",NA,6.80000019073486,7,"Yes",NA,NA,NA,NA
NA,NA,2009-06-19 00:00:00,"Hallwood","Hallwood 3","Start trap & begin trapping","Not recorded","Not recorded",NA,6.69999980926514,7,"Yes",NA,0.944833863039491,13.5,2.01999998092651
NA,NA,2009-06-20 11:11:00,"Hallwood","Hallwood 3","Continue trapping","Not recorded","Not recorded",NA,6.19999980926514,6.80000019073486,"Yes",NA,NA,NA,NA
NA,NA,2009-06-21 11:45:00,"Hallwood","Hallwood 3","Continue trapping","Not recorded","Not recorded",NA,6.69999980926514,6,"Yes",NA,NA,NA,NA
NA,NA,2009-06-22 09:30:00,"Hallwood","Hallwood 3","Continue trapping","Not recorded","Not recorded",NA,5.30000019073486,5.59999990463257,"Yes",NA,NA,NA,NA
NA,NA,2009-06-23 11:46:00,"Hallwood","Hallwood 3","Continue trapping","Not recorded","Not recorded",NA,3.40000009536743,4.30000019073486,"Yes",NA,NA,NA,NA
NA,NA,2009-06-24 08:11:00,"Hallwood","Hallwood 3","Continue trapping","Not recorded","Not recorded",NA,4.5,5.5,"Yes",NA,NA,NA,NA
NA,NA,2009-06-25 08:17:00,"Hallwood","Hallwood 3","Continue trapping","Not recorded","Not recorded",NA,4,5.5,"Yes",NA,NA,NA,NA
NA,NA,2009-06-26 11:01:00,"Hallwood","Hallwood 3","Continue trapping","Not recorded","Not recorded",NA,4,5,"Yes",NA,NA,NA,NA
NA,NA,2009-06-27 11:16:00,"Hallwood","Hallwood 3","Continue trapping","Not recorded","Not recorded",NA,3.79999995231628,5,"Yes",NA,NA,NA,NA
NA,NA,2009-06-28 11:05:00,"Hallwood","Hallwood 3","Continue trapping","Not recorded","Not recorded",NA,3.70000004768372,6,"Yes",NA,NA,NA,NA
NA,NA,2009-06-29 09:49:00,"Hallwood","Hallwood 3","Continue trapping","Not recorded","Not recorded",NA,4,4.90000009536743,"Yes",NA,NA,NA,NA
NA,NA,2009-06-30 09:15:00,"Hallwood","Hallwood 3","Continue trapping","Not recorded","Not recorded",NA,4,5,"Yes",NA,NA,NA,NA
NA,NA,2009-07-01 09:33:00,"Hallwood","Hallwood 3","Continue trapping","Not recorded","Not recorded",NA,5,NA,"Yes",NA,NA,NA,NA
NA,NA,2009-07-02 08:06:00,"Hallwood","Hallwood 3","Continue trapping","Not recorded","Not recorded",NA,5.5,5.80000019073486,"Yes",NA,NA,NA,NA
NA,NA,2009-07-03 08:58:00,"Hallwood","Hallwood 3","Continue trapping","Not recorded","Not recorded",NA,4.40000009536743,6,"Yes",NA,NA,NA,NA
NA,NA,2009-07-05 10:35:00,"Hallwood","Hallwood 3","Continue trapping","Not recorded","Not recorded",NA,6,6.59999990463257,"Yes",NA,NA,NA,NA
NA,NA,2009-07-06 08:34:00,"Hallwood","Hallwood 3","Continue trapping","Not recorded","Not recorded",NA,6,6.19999980926514,"Yes",NA,NA,NA,NA
NA,NA,2009-07-07 09:46:00,"Hallwood","Hallwood 3","Continue trapping","Not recorded","Not recorded",NA,6,6.59999990463257,"Yes",NA,NA,NA,NA
NA,NA,2009-07-08 09:15:00,"Hallwood","Hallwood 3","Continue trapping","Not recorded","Not recorded",NA,6,6.09999990463257,"Yes",NA,NA,NA,NA
NA,NA,2009-07-09 08:42:00,"Hallwood","Hallwood 3","Continue trapping","Not recorded","Not recorded",NA,6,6,"Yes",NA,NA,NA,NA
NA,NA,2009-07-10 08:45:00,"Hallwood","Hallwood 3","Continue trapping","Not recorded","Not recorded",NA,6,6.59999990463257,"Yes",NA,NA,NA,NA
NA,NA,2009-07-11 10:06:00,"Hallwood","Hallwood 3","Continue trapping","Not recorded","Not recorded",NA,5.80000019073486,6.30000019073486,"Yes",NA,NA,NA,NA
NA,NA,2009-07-12 10:18:00,"Hallwood","Hallwood 3","Continue trapping","Not recorded","Not recorded",NA,5.80000019073486,6.30000019073486,"Yes",NA,NA,NA,NA
NA,NA,2009-07-13 08:20:00,"Hallwood","Hallwood 3","Continue trapping","Not recorded","Not recorded",NA,5.80000019073486,6,"Yes",NA,NA,NA,NA
NA,NA,2009-07-15 08:32:00,"Hallwood","Hallwood 3","Continue trapping","Not recorded","Not recorded",NA,6,6.30000019073486,"Yes",NA,NA,NA,NA
NA,NA,2009-07-16 08:55:00,"Hallwood","Hallwood 3","Continue trapping","Not recorded","Not recorded",NA,6,6.19999980926514,"Yes",NA,NA,NA,NA
NA,NA,2009-07-17 08:23:00,"Hallwood","Hallwood 3","Continue trapping","Not recorded","Not recorded",NA,5.82999992370605,6.32999992370605,"Yes",NA,NA,NA,NA
NA,NA,2009-07-18 09:08:00,"Hallwood","Hallwood 3","Continue trapping","Not recorded","Not recorded",NA,6,6.69999980926514,"Yes",NA,NA,NA,NA
NA,NA,2009-07-19 09:48:00,"Hallwood","Hallwood 3","Continue trapping","Not recorded","Not recorded",NA,6.30000019073486,6.69999980926514,"Yes",NA,NA,NA,NA
NA,NA,2009-07-21 10:03:00,"Hallwood","Hallwood 3","Continue trapping","Not recorded","Not recorded",NA,6.69999980926514,7.5,"Yes",NA,NA,NA,NA
NA,NA,2009-07-22 08:18:00,"Hallwood","Hallwood 3","Continue trapping","Not recorded","Not recorded",NA,7.69999980926514,7.69999980926514,"Yes",NA,NA,NA,NA
NA,NA,2009-07-23 09:10:00,"Hallwood","Hallwood 3","Continue trapping","Not recorded","Not recorded",NA,6.69999980926514,6.80000019073486,"Yes",NA,NA,NA,NA
NA,NA,2009-07-25 09:07:00,"Hallwood","Hallwood 3","Continue trapping","Not recorded","Not recorded",NA,6,6.09999990463257,"Yes",NA,NA,NA,NA
NA,NA,2009-07-26 09:04:00,"Hallwood","Hallwood 3","Continue trapping","Not recorded","Not recorded",NA,6.80000019073486,6.90000009536743,"Yes",NA,NA,NA,NA
NA,NA,2009-07-28 09:53:00,"Hallwood","Hallwood 3","Continue trapping","Not recorded","Not recorded",NA,7,6.90000009536743,"Yes",NA,NA,NA,NA
NA,NA,2009-07-29 08:45:00,"Hallwood","Hallwood 3","Continue trapping","Not recorded","Not recorded",NA,7,6.90000009536743,"Yes",NA,NA,NA,NA
NA,NA,2009-07-30 10:01:00,"Hallwood","Hallwood 3","Continue trapping","Not recorded","Not recorded",NA,7,7,"Yes",NA,NA,NA,NA
NA,NA,2009-08-01 07:48:00,"Hallwood","Hallwood 3","Continue trapping","Not recorded","Not recorded",NA,7.19999980926514,7.5,"Yes",NA,NA,NA,NA
NA,NA,2009-08-02 09:37:00,"Hallwood","Hallwood 3","Continue trapping","Not recorded","Not recorded",NA,7,7.32999992370605,"Yes",NA,NA,NA,NA
NA,NA,2009-08-05 08:30:00,"Hallwood","Hallwood 3","Continue trapping","Not recorded","Not recorded",NA,6.69999980926514,NA,"Yes",NA,NA,NA,NA
NA,NA,2009-08-07 08:30:00,"Hallwood","Hallwood 3","Continue trapping","Not recorded","Not recorded",NA,6.5,7.30000019073486,"Yes",NA,NA,NA,NA
NA,NA,2009-08-08 10:35:00,"Hallwood","Hallwood 3","Continue trapping","Not recorded","Not recorded",NA,6.5,7.5,"Yes",NA,NA,NA,NA
NA,NA,2009-08-09 10:24:00,"Hallwood","Hallwood 3","Continue trapping","Not recorded","Not recorded",NA,6.30000019073486,7.80000019073486,"Yes",NA,NA,NA,NA
NA,NA,2009-08-11 09:21:00,"Hallwood","Hallwood 3","Continue trapping","Not recorded","Not recorded",NA,6.40000009536743,7.30000019073486,"Yes",NA,NA,NA,NA
NA,NA,2009-08-13 09:08:00,"Hallwood","Hallwood 3","Continue trapping","Not recorded","Not recorded",NA,6.09999990463257,6.90000009536743,"Yes",NA,NA,NA,NA
NA,NA,2009-08-14 08:14:00,"Hallwood","Hallwood 3","Continue trapping","Not recorded","Not recorded",NA,5.32999992370605,7.5,"Yes",NA,NA,NA,NA
NA,NA,2009-08-15 09:29:00,"Hallwood","Hallwood 3","Continue trapping","Not recorded","Not recorded",NA,6.32999992370605,7.32999992370605,"Yes",NA,NA,NA,NA
NA,NA,1999-11-25 09:00:00,"Yuba River","Yuba River","Continue trapping","Not recorded","Not recorded",NA,0,NA,"Yes",NA,NA,NA,NA
NA,NA,1999-11-26 08:00:00,"Yuba River","Yuba River","Continue trapping","Not recorded","Not recorded",NA,0,NA,"Yes",NA,NA,NA,NA
NA,NA,1999-11-27 08:00:00,"Yuba River","Yuba River","Continue trapping","Not recorded","Not recorded",NA,3,NA,"Yes",NA,NA,NA,NA
NA,NA,1999-11-28 08:00:00,"Yuba River","Yuba River","Not recorded","Not recorded","Not recorded",NA,3,NA,"Yes",NA,NA,NA,NA
NA,NA,1999-11-29 09:00:00,"Yuba River","Yuba River","Not recorded","Not recorded","Not recorded",NA,3,NA,"Yes",NA,NA,NA,NA
NA,NA,1999-11-30 12:00:00,"Yuba River","Yuba River","Not recorded","Not recorded","Not recorded",NA,3,NA,"Yes",NA,NA,NA,NA
NA,NA,1999-12-01 12:30:00,"Yuba River","Yuba River","Not recorded","Not recorded","Not recorded",NA,NA,NA,"Yes",NA,NA,NA,NA
NA,NA,1999-12-02 12:00:00,"Yuba River","Yuba River","Not recorded","Not recorded","Not recorded",NA,3.20000004768372,NA,"Yes",NA,NA,NA,NA
NA,NA,1999-12-03 12:00:00,"Yuba River","Yuba River","Not recorded","Not recorded","Not recorded",NA,2.90000009536743,NA,"Yes",NA,NA,NA,NA
NA,NA,1999-12-04 12:00:00,"Yuba River","Yuba River","Not recorded","Not recorded","Not recorded",NA,2.70000004768372,NA,"Yes",NA,NA,NA,NA
NA,NA,1999-12-05 12:00:00,"Yuba River","Yuba River","Not recorded","Not recorded","Not recorded",NA,2.70000004768372,NA,"Yes",NA,NA,NA,NA
NA,NA,1999-12-06 12:00:00,"Yuba River","Yuba River","Not recorded","Not recorded","Not recorded",NA,2.59999990463257,NA,"Yes",NA,NA,NA,NA
NA,NA,1999-12-07 12:00:00,"Yuba River","Yuba River","Not recorded","Not recorded","Not recorded",NA,2.70000004768372,NA,"Yes",NA,NA,NA,NA
NA,NA,1999-12-08 12:00:00,"Yuba River","Yuba River","Not recorded","Not recorded","Not recorded",NA,2.90000009536743,NA,"Yes",NA,NA,NA,NA
NA,NA,1999-12-09 12:00:00,"Yuba River","Yuba River","Not recorded","Not recorded","Not recorded",NA,2.90000009536743,NA,"Yes",NA,NA,NA,NA
NA,NA,1999-12-10 12:00:00,"Yuba River","Yuba River","Not recorded","Not recorded","Not recorded",NA,2.90000009536743,NA,"Yes",NA,NA,NA,NA
NA,NA,1999-12-11 12:00:00,"Yuba River","Yuba River","Not recorded","Not recorded","Not recorded",NA,2.79999995231628,NA,"Yes",NA,NA,NA,NA
NA,NA,1999-12-12 12:00:00,"Yuba River","Yuba River","Not recorded","Not recorded","Not recorded",NA,2.79999995231628,NA,"Yes",NA,NA,NA,NA
NA,NA,1999-12-13 12:00:00,"Yuba River","Yuba River","Not recorded","Not recorded","Not recorded",NA,2.79999995231628,NA,"Yes",NA,NA,NA,NA
NA,NA,1999-12-14 09:00:00,"Yuba River","Yuba River","Continue trapping","Not recorded","Not recorded",NA,2.79999995231628,NA,"Yes",NA,NA,NA,NA
NA,NA,1999-12-15 09:00:00,"Yuba River","Yuba River","Continue trapping","Not recorded","Not recorded",NA,2.79999995231628,NA,"Yes",NA,NA,NA,NA
NA,NA,1999-12-16 09:00:00,"Yuba River","Yuba River","Continue trapping","Not recorded","Not recorded",NA,2.40000009536743,NA,"Yes",NA,NA,NA,NA
NA,NA,1999-12-17 09:00:00,"Yuba River","Yuba River","Continue trapping","Not recorded","Not recorded",NA,2.70000004768372,NA,"Yes",NA,NA,NA,NA
NA,NA,1999-12-18 09:00:00,"Yuba River","Yuba River","Continue trapping","Not recorded","Not recorded",NA,2.5,NA,"Yes",NA,NA,NA,NA
NA,NA,1999-12-19 09:00:00,"Yuba River","Yuba River","Continue trapping","Not recorded","Not recorded",NA,2.59999990463257,NA,"Yes",NA,NA,NA,NA
NA,NA,1999-12-20 09:00:00,"Yuba River","Yuba River","Continue trapping","Not recorded","Not recorded",NA,2.59999990463257,NA,"Yes",NA,NA,NA,NA
NA,NA,1999-12-21 09:00:00,"Yuba River","Yuba River","Continue trapping","Not recorded","Not recorded",NA,2.5,NA,"Yes",NA,NA,NA,NA
NA,NA,1999-12-22 09:00:00,"Yuba River","Yuba River","Continue trapping","Not recorded","Not recorded",NA,2.5,NA,"Yes",NA,NA,NA,NA
NA,NA,1999-12-23 09:00:00,"Yuba River","Yuba River","Continue trapping","Not recorded","Not recorded",NA,2.5,NA,"Yes",NA,NA,NA,NA
NA,NA,1999-12-24 09:00:00,"Yuba River","Yuba River","Continue trapping","Not recorded","Not recorded",NA,NA,NA,"Yes",NA,NA,NA,NA
NA,NA,1999-12-25 09:00:00,"Yuba River","Yuba River","Continue trapping","Not recorded","Not recorded",NA,2.5,NA,"Yes",NA,NA,NA,NA
NA,NA,1999-12-26 09:00:00,"Yuba River","Yuba River","Continue trapping","Not recorded","Not recorded",NA,2.5,NA,"Yes",NA,NA,NA,NA
NA,NA,1999-12-27 09:00:00,"Yuba River","Yuba River","Continue trapping","Not recorded","Not recorded",NA,2.5,NA,"Yes",NA,NA,NA,NA
NA,NA,1999-12-28 09:00:00,"Yuba River","Yuba River","Continue trapping","Not recorded","Not recorded",NA,2.5,NA,"Yes",NA,NA,NA,NA
NA,NA,1999-12-29 09:00:00,"Yuba River","Yuba River","Continue trapping","Not recorded","Not recorded",NA,2.59999990463257,NA,"Yes",NA,NA,NA,NA
NA,NA,1999-12-30 10:00:00,"Yuba River","Yuba River","Continue trapping","Not recorded","Not recorded",NA,2.59999990463257,NA,"Yes",NA,NA,NA,NA
NA,NA,1999-12-31 09:00:00,"Yuba River","Yuba River","Not recorded","Not recorded","Not recorded",NA,2.5,NA,"Yes",NA,NA,NA,NA
NA,NA,2000-01-01 09:00:00,"Yuba River","Yuba River","Not recorded","Not recorded","Not recorded",NA,2.5,NA,"Yes",NA,NA,NA,NA
NA,NA,2000-01-02 09:00:00,"Yuba River","Yuba River","Not recorded","Not recorded","Not recorded",NA,2.5,NA,"Yes",NA,NA,NA,NA
NA,NA,2000-01-03 09:00:00,"Yuba River","Yuba River","Not recorded","Not recorded","Not recorded",NA,2.59999990463257,NA,"Yes",NA,NA,NA,NA
NA,NA,2000-01-04 09:00:00,"Yuba River","Yuba River","Not recorded","Not recorded","Not recorded",NA,2.5,NA,"Yes",NA,NA,NA,NA
NA,NA,2000-01-05 09:00:00,"Yuba River","Yuba River","Not recorded","Not recorded","Not recorded",NA,2.5,NA,"Yes",NA,NA,NA,NA
NA,NA,2000-01-06 09:00:00,"Yuba River","Yuba River","Not recorded","Not recorded","Not recorded",NA,2.40000009536743,NA,"Yes",NA,NA,NA,NA
NA,NA,2000-01-07 09:00:00,"Yuba River","Yuba River","Not recorded","Not recorded","Not recorded",NA,2.20000004768372,NA,"Yes",NA,NA,NA,NA
NA,NA,2000-01-08 09:15:00,"Yuba River","Yuba River","Not recorded","Not recorded","Not recorded",NA,2.59999990463257,NA,"Yes",NA,NA,NA,NA
NA,NA,2000-01-09 09:20:00,"Yuba River","Yuba River","Not recorded","Not recorded","Not recorded",NA,2.5,NA,"Yes",NA,NA,NA,NA
NA,NA,2000-01-10 09:20:00,"Yuba River","Yuba River","Not recorded","Not recorded","Not recorded",NA,2.5,NA,"Yes",NA,NA,NA,NA
NA,NA,2000-01-11 09:00:00,"Yuba River","Yuba River","Not recorded","Not recorded","Not recorded",NA,2.5,NA,"Yes",NA,NA,NA,NA
NA,NA,2000-01-12 10:35:00,"Yuba River","Yuba River","Not recorded","Not recorded","Not recorded",NA,2.59999990463257,NA,"Yes",NA,NA,NA,NA
NA,NA,2000-01-13 09:20:00,"Yuba River","Yuba River","Not recorded","Not recorded","Not recorded",NA,2.59999990463257,NA,"Yes",NA,NA,NA,NA
NA,NA,2000-01-14 08:47:00,"Yuba River","Yuba River","Not recorded","Not recorded","Not recorded",NA,2.5,NA,"Yes",NA,NA,NA,NA
NA,NA,2000-01-15 09:20:00,"Yuba River","Yuba River","Not recorded","Not recorded","Not recorded",NA,2.59999990463257,NA,"Yes",NA,NA,NA,NA
NA,NA,2000-01-16 09:20:00,"Yuba River","Yuba River","Not recorded","Not recorded","Not recorded",NA,2.79999995231628,NA,"Yes",NA,NA,NA,NA
NA,NA,2000-01-17 08:00:00,"Yuba River","Yuba River","Not recorded","Not recorded","Not recorded",NA,2.90000009536743,NA,"Yes",NA,NA,NA,NA
NA,NA,2000-01-18 08:00:00,"Yuba River","Yuba River","Not recorded","Not recorded","Not recorded",NA,3.29999995231628,NA,"Yes",NA,NA,NA,NA
NA,NA,2000-01-19 10:10:00,"Yuba River","Yuba River","Not recorded","Not recorded","Not recorded",NA,2,NA,"Yes",NA,NA,NA,NA
NA,NA,2000-01-20 08:00:00,"Yuba River","Yuba River","Not recorded","Not recorded","Not recorded",NA,NA,NA,"Yes",NA,NA,NA,NA
NA,NA,2000-01-21 08:15:00,"Yuba River","Yuba River","Not recorded","Not recorded","Not recorded",NA,2.5,NA,"Yes",NA,NA,NA,NA
NA,NA,2000-01-22 08:45:00,"Yuba River","Yuba River","Not recorded","Not recorded","Not recorded",NA,2.90000009536743,NA,"Yes",NA,NA,NA,NA
NA,NA,2000-01-23 08:30:00,"Yuba River","Yuba River","Not recorded","Not recorded","Not recorded",NA,2.90000009536743,NA,"Yes",NA,NA,NA,NA
NA,NA,2000-01-30 08:10:00,"Yuba River","Yuba River","Not recorded","Not recorded","Not recorded",NA,6.5,NA,"Yes",NA,NA,NA,NA
NA,NA,2000-02-02 08:50:00,"Yuba River","Yuba River","Not recorded","Not recorded","Not recorded",NA,3.29999995231628,NA,"Yes",NA,NA,NA,NA
NA,NA,2000-02-03 08:45:00,"Yuba River","Yuba River","Not recorded","Not recorded","Not recorded",NA,3.5,NA,"Yes",NA,NA,NA,NA
NA,NA,2000-02-04 09:15:00,"Yuba River","Yuba River","Not recorded","Not recorded","Not recorded",NA,5.69999980926514,NA,"Yes",NA,NA,NA,NA
NA,NA,2000-02-05 07:45:00,"Yuba River","Yuba River","Not recorded","Not recorded","Not recorded",NA,4.5,NA,"Yes",NA,NA,NA,NA
NA,NA,2000-02-06 08:00:00,"Yuba River","Yuba River","Not recorded","Not recorded","Not recorded",NA,4.40000009536743,NA,"Yes",NA,NA,NA,NA
NA,NA,2000-02-07 08:45:00,"Yuba River","Yuba River","Not recorded","Not recorded","Not recorded",NA,4.19999980926514,NA,"Yes",NA,NA,NA,NA
NA,NA,2000-02-08 09:00:00,"Yuba River","Yuba River","Not recorded","Not recorded","Not recorded",NA,NA,NA,"Yes",NA,NA,NA,NA
NA,NA,2000-02-09 09:00:00,"Yuba River","Yuba River","Not recorded","Not recorded","Not recorded",NA,4.09999990463257,NA,"Yes",NA,NA,NA,NA
NA,NA,2000-02-10 09:30:00,"Yuba River","Yuba River","Not recorded","Not recorded","Not recorded",NA,4,NA,"Yes",NA,NA,NA,NA
NA,NA,2000-02-11 09:00:00,"Yuba River","Yuba River","Not recorded","Not recorded","Not recorded",NA,5.19999980926514,NA,"Yes",NA,NA,NA,NA
NA,NA,2000-02-12 09:30:00,"Yuba River","Yuba River","Not recorded","Not recorded","Not recorded",NA,3.5,NA,"Yes",NA,NA,NA,NA
NA,NA,2000-02-13 09:30:00,"Yuba River","Yuba River","Not recorded","Not recorded","Not recorded",NA,2,NA,"Yes",NA,NA,NA,NA
NA,NA,2000-02-14 09:00:00,"Yuba River","Yuba River","Not recorded","Not recorded","Not recorded",NA,NA,NA,"Yes",NA,NA,NA,NA
NA,NA,2000-02-16 09:00:00,"Yuba River","Yuba River","Not recorded","Not recorded","Not recorded",NA,3,NA,"Yes",NA,NA,NA,NA
NA,NA,2000-02-17 09:30:00,"Yuba River","Yuba River","Not recorded","Not recorded","Not recorded",NA,6,NA,"Yes",NA,NA,NA,NA
NA,NA,2000-02-18 09:30:00,"Yuba River","Yuba River","Not recorded","Not recorded","Not recorded",NA,5.09999990463257,NA,"Yes",NA,NA,NA,NA
NA,NA,2000-02-19 07:00:00,"Yuba River","Yuba River","Not recorded","Not recorded","Not recorded",NA,4.90000009536743,NA,"Yes",NA,NA,NA,NA
NA,NA,2000-02-20 08:20:00,"Yuba River","Yuba River","Not recorded","Not recorded","Not recorded",NA,5,NA,"Yes",NA,NA,NA,NA
NA,NA,2000-02-21 08:45:00,"Yuba River","Yuba River","Not recorded","Not recorded","Not recorded",NA,5.19999980926514,NA,"Yes",NA,NA,NA,NA
NA,NA,2000-02-22 09:15:00,"Yuba River","Yuba River","Not recorded","Not recorded","Not recorded",NA,5,NA,"Yes",NA,NA,NA,NA
NA,NA,2000-02-23 09:15:00,"Yuba River","Yuba River","Continue trapping","Not recorded","Not recorded",NA,3.20000004768372,NA,"Yes",NA,NA,NA,NA
NA,NA,2000-02-24 09:30:00,"Yuba River","Yuba River","Continue trapping","Not recorded","Not recorded",NA,5,NA,"Yes",NA,NA,NA,NA
NA,NA,2000-02-25 08:45:00,"Yuba River","Yuba River","Continue trapping","Not recorded","Not recorded",NA,6,NA,"Yes",NA,NA,NA,NA
NA,NA,2000-02-26 08:20:00,"Yuba River","Yuba River","Continue trapping","Not recorded","Not recorded",NA,6.19999980926514,NA,"Yes",NA,NA,NA,NA
NA,NA,2000-02-27 08:45:00,"Yuba River","Yuba River","Continue trapping","Not recorded","Not recorded",NA,2.5,NA,"Yes",NA,NA,NA,NA
NA,NA,2000-02-28 09:30:00,"Yuba River","Yuba River","Continue trapping","Not recorded","Not recorded",NA,4,NA,"Yes",NA,NA,NA,NA
NA,NA,2000-02-29 09:00:00,"Yuba River","Yuba River","Continue trapping","Not recorded","Not recorded",NA,4.5,NA,"Yes",NA,NA,NA,NA
NA,NA,2000-03-01 11:15:00,"Yuba River","Yuba River","Not recorded","Not recorded","Not recorded",NA,4.90000009536743,NA,"Yes",NA,NA,NA,NA
NA,NA,2000-03-02 11:30:00,"Yuba River","Yuba River","Not recorded","Not recorded","Not recorded",NA,5.5,NA,"Yes",NA,NA,NA,NA
NA,NA,2000-03-03 09:00:00,"Yuba River","Yuba River","Not recorded","Not recorded","Not recorded",NA,4,NA,"Yes",NA,NA,NA,NA
NA,NA,2000-03-04 10:30:00,"Yuba River","Yuba River","Continue trapping","Not recorded","Not recorded",NA,5.80000019073486,NA,"Yes",NA,NA,NA,NA
NA,NA,2000-03-05 10:10:00,"Yuba River","Yuba River","Continue trapping","Not recorded","Not recorded",NA,2.79999995231628,NA,"Yes",NA,NA,NA,NA
NA,NA,2000-03-06 11:00:00,"Yuba River","Yuba River","Continue trapping","Not recorded","Not recorded",NA,5.19999980926514,NA,"Yes",NA,NA,NA,NA
NA,NA,2000-03-07 11:00:00,"Yuba River","Yuba River","Continue trapping","Not recorded","Not recorded",NA,5.90000009536743,NA,"Yes",NA,NA,NA,NA
NA,NA,2000-03-08 10:15:00,"Yuba River","Yuba River","Continue trapping","Not recorded","Not recorded",NA,5.19999980926514,NA,"Yes",NA,NA,NA,NA
NA,NA,2000-03-09 11:10:00,"Yuba River","Yuba River","Continue trapping","Not recorded","Not recorded",NA,5.30000019073486,NA,"Yes",NA,NA,NA,NA
NA,NA,2000-03-10 11:15:00,"Yuba River","Yuba River","Continue trapping","Not recorded","Not recorded",NA,5.90000009536743,NA,"Yes",NA,NA,NA,NA
NA,NA,2000-03-11 09:30:00,"Yuba River","Yuba River","Continue trapping","Not recorded","Not recorded",NA,6,NA,"Yes",NA,NA,NA,NA
NA,NA,2000-03-12 09:45:00,"Yuba River","Yuba River","Continue trapping","Not recorded","Not recorded",NA,6.19999980926514,NA,"Yes",NA,NA,NA,NA
NA,NA,2000-03-13 10:20:00,"Yuba River","Yuba River","Continue trapping","Not recorded","Not recorded",NA,6,NA,"Yes",NA,NA,NA,NA
NA,NA,2000-03-14 11:20:00,"Yuba River","Yuba River","Continue trapping","Not recorded","Not recorded",NA,5.90000009536743,NA,"Yes",NA,NA,NA,NA
NA,NA,2000-03-15 10:00:00,"Yuba River","Yuba River","Continue trapping","Not recorded","Not recorded",NA,5.5,NA,"Yes",NA,NA,NA,NA
NA,NA,2000-03-16 11:15:00,"Yuba River","Yuba River","Continue trapping","Not recorded","Not recorded",NA,5.5,NA,"Yes",NA,NA,NA,NA
NA,NA,2000-03-17 09:40:00,"Yuba River","Yuba River","Continue trapping","Not recorded","Not recorded",NA,5.19999980926514,NA,"Yes",NA,NA,NA,NA
NA,NA,2000-03-18 09:30:00,"Yuba River","Yuba River","Continue trapping","Not recorded","Not recorded",NA,5.19999980926514,NA,"Yes",NA,NA,NA,NA
NA,NA,2000-03-19 09:15:00,"Yuba River","Yuba River","Continue trapping","Not recorded","Not recorded",NA,5.59999990463257,NA,"Yes",NA,NA,NA,NA
NA,NA,2000-03-20 10:15:00,"Yuba River","Yuba River","Continue trapping","Not recorded","Not recorded",NA,4.59999990463257,NA,"Yes",NA,NA,NA,NA
NA,NA,2000-03-21 11:00:00,"Yuba River","Yuba River","Continue trapping","Not recorded","Not recorded",NA,5.09999990463257,NA,"Yes",NA,NA,NA,NA
NA,NA,2000-03-22 10:15:00,"Yuba River","Yuba River","Continue trapping","Not recorded","Not recorded",NA,5,NA,"Yes",NA,NA,NA,NA
NA,NA,2000-03-23 11:30:00,"Yuba River","Yuba River","Continue trapping","Not recorded","Not recorded",NA,5,NA,"Yes",NA,NA,NA,NA
NA,NA,2000-03-24 10:15:00,"Yuba River","Yuba River","Continue trapping","Not recorded","Not recorded",NA,5.30000019073486,NA,"Yes",NA,NA,NA,NA
NA,NA,2000-03-25 09:45:00,"Yuba River","Yuba River","Continue trapping","Not recorded","Not recorded",NA,5,NA,"Yes",NA,NA,NA,NA
NA,NA,2000-03-26 09:30:00,"Yuba River","Yuba River","Continue trapping","Not recorded","Not recorded",NA,5.19999980926514,NA,"Yes",NA,NA,NA,NA
NA,NA,2000-03-27 09:00:00,"Yuba River","Yuba River","Continue trapping","Not recorded","Not recorded",NA,5.19999980926514,NA,"Yes",NA,NA,NA,NA
NA,NA,2000-03-28 10:30:00,"Yuba River","Yuba River","Continue trapping","Not recorded","Not recorded",NA,5,NA,"Yes",NA,NA,NA,NA
NA,NA,2000-03-29 10:45:00,"Yuba River","Yuba River","Continue trapping","Not recorded","Not recorded",NA,5.69999980926514,NA,"Yes",NA,NA,NA,NA
NA,NA,2000-03-30 11:15:00,"Yuba River","Yuba River","Continue trapping","Not recorded","Not recorded",NA,5.59999990463257,NA,"Yes",NA,NA,NA,NA
NA,NA,2000-03-31 10:30:00,"Yuba River","Yuba River","Continue trapping","Not recorded","Not recorded",NA,6,NA,"Yes",NA,NA,NA,NA
NA,NA,2000-04-01 11:30:00,"Yuba River","Yuba River","Continue trapping","Not recorded","Not recorded",NA,6.19999980926514,NA,"Yes",NA,NA,NA,NA
NA,NA,2000-04-02 09:00:00,"Yuba River","Yuba River","Continue trapping","Not recorded","Not recorded",NA,6.30000019073486,NA,"Yes",NA,NA,NA,NA
NA,NA,2000-04-03 11:00:00,"Yuba River","Yuba River","Continue trapping","Not recorded","Not recorded",NA,6.40000009536743,NA,"Yes",NA,NA,NA,NA
NA,NA,2000-04-04 11:15:00,"Yuba River","Yuba River","Continue trapping","Not recorded","Not recorded",NA,6.09999990463257,NA,"Yes",NA,NA,NA,NA
NA,NA,2000-04-05 11:00:00,"Yuba River","Yuba River","Continue trapping","Not recorded","Not recorded",NA,6.09999990463257,NA,"Yes",NA,NA,NA,NA
NA,NA,2000-04-06 11:30:00,"Yuba River","Yuba River","Continue trapping","Not recorded","Not recorded",NA,6,NA,"Yes",NA,NA,NA,NA
NA,NA,2000-04-07 10:30:00,"Yuba River","Yuba River","Continue trapping","Not recorded","Not recorded",NA,5.90000009536743,NA,"Yes",NA,NA,NA,NA
NA,NA,2000-04-08 12:15:00,"Yuba River","Yuba River","Continue trapping","Not recorded","Not recorded",NA,6,NA,"Yes",NA,NA,NA,NA
NA,NA,2000-04-09 11:00:00,"Yuba River","Yuba River","Continue trapping","Not recorded","Not recorded",NA,5.80000019073486,NA,"Yes",NA,NA,NA,NA
NA,NA,2000-04-10 11:45:00,"Yuba River","Yuba River","Continue trapping","Not recorded","Not recorded",NA,6.5,NA,"Yes",NA,NA,NA,NA
NA,NA,2000-04-11 11:00:00,"Yuba River","Yuba River","Continue trapping","Not recorded","Not recorded",NA,6,NA,"Yes",NA,NA,NA,NA
NA,NA,2000-04-12 11:00:00,"Yuba River","Yuba River","Continue trapping","Not recorded","Not recorded",NA,6.80000019073486,NA,"Yes",NA,NA,NA,NA
NA,NA,2000-04-13 10:50:00,"Yuba River","Yuba River","Continue trapping","Not recorded","Not recorded",NA,6,NA,"Yes",NA,NA,NA,NA
NA,NA,2000-04-14 09:35:00,"Yuba River","Yuba River","Continue trapping","Not recorded","Not recorded",NA,6,NA,"Yes",NA,NA,NA,NA
NA,NA,2000-04-15 12:30:00,"Yuba River","Yuba River","Continue trapping","Not recorded","Not recorded",NA,6,NA,"Yes",NA,NA,NA,NA
NA,NA,2000-04-16 09:30:00,"Yuba River","Yuba River","Continue trapping","Not recorded","Not recorded",NA,6.40000009536743,NA,"Yes",NA,NA,NA,NA
NA,NA,2000-04-17 10:30:00,"Yuba River","Yuba River","Continue trapping","Not recorded","Not recorded",NA,6.19999980926514,NA,"Yes",NA,NA,NA,NA
NA,NA,2000-04-18 10:15:00,"Yuba River","Yuba River","Continue trapping","Not recorded","Not recorded",NA,6.5,NA,"Yes",NA,NA,NA,NA
NA,NA,2000-04-19 10:30:00,"Yuba River","Yuba River","Continue trapping","Not recorded","Not recorded",NA,6.25,NA,"Yes",NA,NA,NA,NA
NA,NA,2000-04-20 11:15:00,"Yuba River","Yuba River","Continue trapping","Not recorded","Not recorded",NA,6.19999980926514,NA,"Yes",NA,NA,NA,NA
NA,NA,2000-04-21 09:10:00,"Yuba River","Yuba River","Continue trapping","Not recorded","Not recorded",NA,6.30000019073486,NA,"Yes",NA,NA,NA,NA
NA,NA,2000-04-22 12:00:00,"Yuba River","Yuba River","Continue trapping","Not recorded","Not recorded",NA,6.30000019073486,NA,"Yes",NA,NA,NA,NA
NA,NA,2000-04-23 12:30:00,"Yuba River","Yuba River","Continue trapping","Not recorded","Not recorded",NA,6,NA,"Yes",NA,NA,NA,NA
NA,NA,2000-04-24 13:35:00,"Yuba River","Yuba River","Continue trapping","Not recorded","Not recorded",NA,5.5,NA,"Yes",NA,NA,NA,NA
NA,NA,2000-04-25 10:00:00,"Yuba River","Yuba River","Continue trapping","Not recorded","Not recorded",NA,6,NA,"Yes",NA,NA,NA,NA
NA,NA,2000-04-26 10:30:00,"Yuba River","Yuba River","Continue trapping","Not recorded","Not recorded",NA,6.40000009536743,NA,"Yes",NA,NA,NA,NA
NA,NA,2000-04-27 10:15:00,"Yuba River","Yuba River","Continue trapping","Not recorded","Not recorded",NA,6.5,NA,"Yes",NA,NA,NA,NA
NA,NA,2000-04-28 11:00:00,"Yuba River","Yuba River","Continue trapping","Not recorded","Not recorded",NA,5,NA,"Yes",NA,NA,NA,NA
NA,NA,2000-04-29 12:00:00,"Yuba River","Yuba River","Continue trapping","Not recorded","Not recorded",NA,6.19999980926514,NA,"Yes",NA,NA,NA,NA
NA,NA,2000-04-30 12:00:00,"Yuba River","Yuba River","Continue trapping","Not recorded","Not recorded",NA,6,NA,"Yes",NA,NA,NA,NA
NA,NA,2000-05-01 10:00:00,"Yuba River","Yuba River","Continue trapping","Not recorded","Not recorded",NA,5.75,NA,"Yes",NA,NA,NA,NA
NA,NA,2000-05-02 10:05:00,"Yuba River","Yuba River","Continue trapping","Not recorded","Not recorded",NA,5.5,NA,"Yes",NA,NA,NA,NA
NA,NA,2000-05-03 10:00:00,"Yuba River","Yuba River","Continue trapping","Not recorded","Not recorded",NA,5.40000009536743,NA,"Yes",NA,NA,NA,NA
NA,NA,2000-05-05 09:30:00,"Yuba River","Yuba River","Continue trapping","Not recorded","Not recorded",NA,5.5,NA,"Yes",NA,NA,NA,NA
NA,NA,2000-05-06 10:50:00,"Yuba River","Yuba River","Continue trapping","Not recorded","Not recorded",NA,6.09999990463257,NA,"Yes",NA,NA,NA,NA
NA,NA,2000-05-07 11:30:00,"Yuba River","Yuba River","Continue trapping","Not recorded","Not recorded",NA,6.5,NA,"Yes",NA,NA,NA,NA
NA,NA,2000-05-08 10:40:00,"Yuba River","Yuba River","Continue trapping","Not recorded","Not recorded",NA,6.25,NA,"Yes",NA,NA,NA,NA
NA,NA,2000-05-09 11:00:00,"Yuba River","Yuba River","Continue trapping","Not recorded","Not recorded",NA,6.5,NA,"Yes",NA,NA,NA,NA
NA,NA,2000-05-10 11:40:00,"Yuba River","Yuba River","Continue trapping","Not recorded","Not recorded",NA,6.5,NA,"Yes",NA,NA,NA,NA
NA,NA,2000-05-11 11:15:00,"Yuba River","Yuba River","Continue trapping","Not recorded","Not recorded",NA,6.5,NA,"Yes",NA,NA,NA,NA
NA,NA,2000-05-12 10:15:00,"Yuba River","Yuba River","Continue trapping","Not recorded","Not recorded",NA,6.09999990463257,NA,"Yes",NA,NA,NA,NA
NA,NA,2000-05-13 10:45:00,"Yuba River","Yuba River","Continue trapping","Not recorded","Not recorded",NA,5,NA,"Yes",NA,NA,NA,NA
NA,NA,2000-05-14 11:00:00,"Yuba River","Yuba River","Continue trapping","Not recorded","Not recorded",NA,6.5,NA,"Yes",NA,NA,NA,NA
NA,NA,2000-05-15 10:45:00,"Yuba River","Yuba River","Continue trapping","Not recorded","Not recorded",NA,6,NA,"Yes",NA,NA,NA,NA
NA,NA,2000-05-16 10:00:00,"Yuba River","Yuba River","Continue trapping","Not recorded","Not recorded",NA,6.19999980926514,NA,"Yes",NA,NA,NA,NA
NA,NA,2000-05-17 08:00:00,"Yuba River","Yuba River","Continue trapping","Not recorded","Not recorded",NA,6.5,NA,"Yes",NA,NA,NA,NA
NA,NA,2000-05-18 08:00:00,"Yuba River","Yuba River","Continue trapping","Not recorded","Not recorded",NA,6.5,NA,"Yes",NA,NA,NA,NA
NA,NA,2000-05-19 07:45:00,"Yuba River","Yuba River","Continue trapping","Not recorded","Not recorded",NA,6.09999990463257,NA,"Yes",NA,NA,NA,NA
NA,NA,2000-05-23 08:30:00,"Yuba River","Yuba River","Continue trapping","Not recorded","Not recorded",NA,5.19999980926514,NA,"Yes",NA,NA,NA,NA
NA,NA,2000-05-24 08:15:00,"Yuba River","Yuba River","Continue trapping","Not recorded","Not recorded",NA,6.5,NA,"Yes",NA,NA,NA,NA
NA,NA,2000-05-25 08:30:00,"Yuba River","Yuba River","Continue trapping","Not recorded","Not recorded",NA,6.5,NA,"Yes",NA,NA,NA,NA
NA,NA,2000-05-26 07:45:00,"Yuba River","Yuba River","Continue trapping","Not recorded","Not recorded",NA,6.09999990463257,NA,"Yes",NA,NA,NA,NA
NA,NA,2000-05-27 09:00:00,"Yuba River","Yuba River","Continue trapping","Not recorded","Not recorded",NA,6.19999980926514,NA,"Yes",NA,NA,NA,NA
NA,NA,2000-05-28 08:00:00,"Yuba River","Yuba River","Continue trapping","Not recorded","Not recorded",NA,6,NA,"Yes",NA,NA,NA,NA
NA,NA,2000-05-29 07:45:00,"Yuba River","Yuba River","Continue trapping","Not recorded","Not recorded",NA,5.19999980926514,NA,"Yes",NA,NA,NA,NA
NA,NA,2000-05-30 08:00:00,"Yuba River","Yuba River","Continue trapping","Not recorded","Not recorded",NA,5.80000019073486,NA,"Yes",NA,NA,NA,NA
NA,NA,2000-05-31 08:15:00,"Yuba River","Yuba River","Continue trapping","Not recorded","Not recorded",NA,5.80000019073486,NA,"Yes",NA,NA,NA,NA
NA,NA,2000-06-01 07:20:00,"Yuba River","Yuba River","Continue trapping","Not recorded","Not recorded",NA,6,NA,"Yes",NA,NA,NA,NA
NA,NA,2000-06-02 09:00:00,"Yuba River","Yuba River","Continue trapping","Not recorded","Not recorded",NA,NA,NA,"Yes",NA,NA,NA,NA
NA,NA,2000-06-03 08:10:00,"Yuba River","Yuba River","Continue trapping","Not recorded","Not recorded",NA,5,NA,"Yes",NA,NA,NA,NA
NA,NA,2000-06-04 09:00:00,"Yuba River","Yuba River","Continue trapping","Not recorded","Not recorded",NA,5,NA,"Yes",NA,NA,NA,NA
NA,NA,2000-06-05 08:45:00,"Yuba River","Yuba River","Continue trapping","Not recorded","Not recorded",NA,5,NA,"Yes",NA,NA,NA,NA
NA,NA,2000-06-06 08:10:00,"Yuba River","Yuba River","Continue trapping","Not recorded","Not recorded",NA,4.5,NA,"Yes",NA,NA,NA,NA
NA,NA,2000-06-07 08:45:00,"Yuba River","Yuba River","Continue trapping","Not recorded","Not recorded",NA,4,NA,"Yes",NA,NA,NA,NA
NA,NA,2000-06-08 08:45:00,"Yuba River","Yuba River","Continue trapping","Not recorded","Not recorded",NA,4,NA,"Yes",NA,NA,NA,NA
NA,NA,2000-06-09 00:00:00,"Yuba River","Yuba River","Continue trapping","Not recorded","Not recorded",NA,3.5,NA,"Yes",NA,0.761962816214569,15,1.76999998092651
NA,NA,2000-06-10 09:45:00,"Yuba River","Yuba River","Continue trapping","Not recorded","Not recorded",NA,3.79999995231628,NA,"Yes",NA,NA,NA,NA
NA,NA,2000-06-11 10:10:00,"Yuba River","Yuba River","Continue trapping","Not recorded","Not recorded",NA,4,NA,"Yes",NA,NA,NA,NA
NA,NA,2000-06-12 08:20:00,"Yuba River","Yuba River","Continue trapping","Not recorded","Not recorded",NA,3.5,NA,"Yes",NA,NA,NA,NA
NA,NA,2000-06-13 08:20:00,"Yuba River","Yuba River","Continue trapping","Not recorded","Not recorded",NA,4.30000019073486,NA,"Yes",NA,NA,NA,NA
NA,NA,2000-06-14 08:50:00,"Yuba River","Yuba River","Continue trapping","Not recorded","Not recorded",NA,4.19999980926514,NA,"Yes",NA,NA,NA,NA
NA,NA,2000-06-15 08:15:00,"Yuba River","Yuba River","Continue trapping","Not recorded","Not recorded",NA,4,NA,"Yes",NA,NA,NA,NA
NA,NA,2000-06-16 07:40:00,"Yuba River","Yuba River","Continue trapping","Not recorded","Not recorded",NA,4.19999980926514,NA,"Yes",NA,NA,NA,NA
NA,NA,2000-06-18 09:15:00,"Yuba River","Yuba River","Continue trapping","Not recorded","Not recorded",NA,4.5,NA,"Yes",NA,NA,NA,NA
NA,NA,2000-06-19 09:10:00,"Yuba River","Yuba River","Continue trapping","Not recorded","Not recorded",NA,4.59999990463257,NA,"Yes",NA,NA,NA,NA
NA,NA,2000-11-09 09:52:00,"Yuba River","Yuba River","Continue trapping","Not recorded","Not recorded",NA,2,NA,"Yes",NA,NA,NA,NA
NA,NA,2000-11-10 09:45:00,"Yuba River","Yuba River","Continue trapping","Not recorded","Not recorded",NA,3.09999990463257,NA,"Yes",NA,NA,NA,NA
NA,NA,2000-11-15 09:30:00,"Yuba River","Yuba River","Continue trapping","Not recorded","Not recorded",NA,NA,NA,"Yes",NA,NA,NA,NA
NA,NA,2000-11-16 09:50:00,"Yuba River","Yuba River","Continue trapping","Not recorded","Not recorded",NA,3.59999990463257,NA,"Yes",NA,NA,NA,NA
NA,NA,2000-11-17 09:42:00,"Yuba River","Yuba River","Continue trapping","Not recorded","Not recorded",NA,4.5,NA,"Yes",NA,NA,NA,NA
NA,NA,2000-11-19 09:34:00,"Yuba River","Yuba River","Continue trapping","Not recorded","Not recorded",NA,3.29999995231628,NA,"Yes",NA,NA,NA,NA
NA,NA,2000-11-20 09:50:00,"Yuba River","Yuba River","Continue trapping","Not recorded","Not recorded",NA,3.20000004768372,NA,"Yes",NA,NA,NA,NA
NA,NA,2000-11-21 09:15:00,"Yuba River","Yuba River","Continue trapping","Not recorded","Not recorded",NA,3,NA,"Yes",NA,NA,NA,NA
NA,NA,2000-11-22 09:30:00,"Yuba River","Yuba River","Continue trapping","Not recorded","Not recorded",NA,3.40000009536743,NA,"Yes",NA,NA,NA,NA
NA,NA,2000-11-23 08:41:00,"Yuba River","Yuba River","Continue trapping","Not recorded","Not recorded",NA,NA,NA,"Yes",NA,NA,NA,NA
NA,NA,2000-11-24 08:50:00,"Yuba River","Yuba River","Continue trapping","Not recorded","Not recorded",NA,NA,NA,"Yes",NA,NA,NA,NA
NA,NA,2000-11-25 09:04:00,"Yuba River","Yuba River","Continue trapping","Not recorded","Not recorded",NA,2.5,NA,"Yes",NA,NA,NA,NA
NA,NA,2000-11-26 09:22:00,"Yuba River","Yuba River","Continue trapping","Not recorded","Not recorded",NA,3.20000004768372,NA,"Yes",NA,NA,NA,NA
NA,NA,2000-11-27 08:05:00,"Yuba River","Yuba River","Continue trapping","Not recorded","Not recorded",NA,3.20000004768372,NA,"Yes",NA,NA,NA,NA
NA,NA,2000-11-28 09:29:00,"Yuba River","Yuba River","Continue trapping","Not recorded","Not recorded",NA,4,NA,"Yes",NA,NA,NA,NA
NA,NA,2000-11-29 09:25:00,"Yuba River","Yuba River","Continue trapping","Not recorded","Not recorded",NA,3.09999990463257,NA,"Yes",NA,NA,NA,NA
NA,NA,2000-11-30 09:32:00,"Yuba River","Yuba River","Not recorded","Not recorded","Not recorded",NA,3,NA,"Yes",NA,NA,NA,NA
NA,NA,2000-12-01 09:51:00,"Yuba River","Yuba River","Continue trapping","Not recorded","Not recorded",NA,1.79999995231628,NA,"Yes",NA,NA,NA,NA
NA,NA,2000-12-02 09:50:00,"Yuba River","Yuba River","Continue trapping","Not recorded","Not recorded",NA,1.70000004768372,NA,"Yes",NA,NA,NA,NA
NA,NA,2000-12-03 09:35:00,"Yuba River","Yuba River","Continue trapping","Not recorded","Not recorded",NA,2.79999995231628,NA,"Yes",NA,NA,NA,NA
NA,NA,2000-12-04 10:00:00,"Yuba River","Yuba River","Continue trapping","Not recorded","Not recorded",NA,3.20000004768372,NA,"Yes",NA,NA,NA,NA
NA,NA,2000-12-05 10:11:00,"Yuba River","Yuba River","Continue trapping","Not recorded","Not recorded",NA,2.70000004768372,NA,"Yes",NA,NA,NA,NA
NA,NA,2000-12-06 10:00:00,"Yuba River","Yuba River","Continue trapping","Not recorded","Not recorded",NA,2.79999995231628,NA,"Yes",NA,NA,NA,NA
NA,NA,2000-12-07 09:20:00,"Yuba River","Yuba River","Continue trapping","Not recorded","Not recorded",NA,2.90000009536743,NA,"Yes",NA,NA,NA,NA
NA,NA,2000-12-08 10:25:00,"Yuba River","Yuba River","Continue trapping","Not recorded","Not recorded",NA,2.70000004768372,NA,"Yes",NA,NA,NA,NA
NA,NA,2000-12-09 09:50:00,"Yuba River","Yuba River","Continue trapping","Not recorded","Not recorded",NA,2.90000009536743,NA,"Yes",NA,NA,NA,NA
NA,NA,2000-12-10 09:50:00,"Yuba River","Yuba River","Continue trapping","Not recorded","Not recorded",NA,2.90000009536743,NA,"Yes",NA,NA,NA,NA
NA,NA,2000-12-11 09:58:00,"Yuba River","Yuba River","Continue trapping","Not recorded","Not recorded",NA,2.79999995231628,NA,"Yes",NA,NA,NA,NA
NA,NA,2000-12-12 10:15:00,"Yuba River","Yuba River","Continue trapping","Not recorded","Not recorded",NA,2.90000009536743,NA,"Yes",NA,NA,NA,NA
NA,NA,2000-12-13 09:53:00,"Yuba River","Yuba River","Continue trapping","Not recorded","Not recorded",NA,2.59999990463257,NA,"Yes",NA,NA,NA,NA
NA,NA,2000-12-14 09:47:00,"Yuba River","Yuba River","Continue trapping","Not recorded","Not recorded",NA,2.70000004768372,NA,"Yes",NA,NA,NA,NA
NA,NA,2000-12-15 10:03:00,"Yuba River","Yuba River","Continue trapping","Not recorded","Not recorded",NA,0.899999976158142,NA,"Yes",NA,NA,NA,NA
NA,NA,2000-12-16 09:50:00,"Yuba River","Yuba River","Continue trapping","Not recorded","Not recorded",NA,1.89999997615814,NA,"Yes",NA,NA,NA,NA
NA,NA,2000-12-17 10:08:00,"Yuba River","Yuba River","Continue trapping","Not recorded","Not recorded",NA,2.29999995231628,NA,"Yes",NA,NA,NA,NA
NA,NA,2000-12-18 10:09:00,"Yuba River","Yuba River","Continue trapping","Not recorded","Not recorded",NA,2.59999990463257,NA,"Yes",NA,NA,NA,NA
NA,NA,2000-12-19 09:55:00,"Yuba River","Yuba River","Continue trapping","Not recorded","Not recorded",NA,2.90000009536743,NA,"Yes",NA,NA,NA,NA
NA,NA,2000-12-20 10:20:00,"Yuba River","Yuba River","Continue trapping","Not recorded","Not recorded",NA,2.5,NA,"Yes",NA,NA,NA,NA
NA,NA,2000-12-21 09:27:00,"Yuba River","Yuba River","Continue trapping","Not recorded","Not recorded",NA,3.09999990463257,NA,"Yes",NA,NA,NA,NA
NA,NA,2000-12-22 09:47:00,"Yuba River","Yuba River","Continue trapping","Not recorded","Not recorded",NA,2,NA,"Yes",NA,NA,NA,NA
NA,NA,2000-12-23 09:55:00,"Yuba River","Yuba River","Continue trapping","Not recorded","Not recorded",NA,2.5,NA,"Yes",NA,NA,NA,NA
NA,NA,2000-12-24 10:32:00,"Yuba River","Yuba River","Continue trapping","Not recorded","Not recorded",NA,2.90000009536743,NA,"Yes",NA,NA,NA,NA
NA,NA,2000-12-25 09:12:00,"Yuba River","Yuba River","Continue trapping","Not recorded","Not recorded",NA,3.5,NA,"Yes",NA,NA,NA,NA
NA,NA,2000-12-26 09:50:00,"Yuba River","Yuba River","Continue trapping","Not recorded","Not recorded",NA,3.29999995231628,NA,"Yes",NA,NA,NA,NA
NA,NA,2000-12-27 10:30:00,"Yuba River","Yuba River","Continue trapping","Not recorded","Not recorded",NA,3.09999990463257,NA,"Yes",NA,NA,NA,NA
NA,NA,2000-12-28 10:35:00,"Yuba River","Yuba River","Continue trapping","Not recorded","Not recorded",NA,2.29999995231628,NA,"Yes",NA,NA,NA,NA
NA,NA,2000-12-29 09:55:00,"Yuba River","Yuba River","Continue trapping","Not recorded","Not recorded",NA,3.20000004768372,NA,"Yes",NA,NA,NA,NA
NA,NA,2000-12-30 10:00:00,"Yuba River","Yuba River","Continue trapping","Not recorded","Not recorded",NA,3,NA,"Yes",NA,NA,NA,NA
NA,NA,2000-12-31 09:45:00,"Yuba River","Yuba River","Continue trapping","Not recorded","Not recorded",NA,3,NA,"Yes",NA,NA,NA,NA
NA,NA,2001-01-01 11:22:00,"Yuba River","Yuba River","Continue trapping","Not recorded","Not recorded",NA,3,NA,"Yes",NA,NA,NA,NA
NA,NA,2001-01-02 10:10:00,"Yuba River","Yuba River","Continue trapping","Not recorded","Not recorded",NA,3,NA,"Yes",NA,NA,NA,NA
NA,NA,2001-01-03 11:23:00,"Yuba River","Yuba River","Continue trapping","Not recorded","Not recorded",NA,3,NA,"Yes",NA,NA,NA,NA
NA,NA,2001-01-04 10:20:00,"Yuba River","Yuba River","Continue trapping","Not recorded","Not recorded",NA,2.79999995231628,NA,"Yes",NA,NA,NA,NA
NA,NA,2001-01-05 11:15:00,"Yuba River","Yuba River","Continue trapping","Not recorded","Not recorded",NA,2.79999995231628,NA,"Yes",NA,NA,NA,NA
NA,NA,2001-01-06 09:54:00,"Yuba River","Yuba River","Continue trapping","Not recorded","Not recorded",NA,3,NA,"Yes",NA,NA,NA,NA
NA,NA,2001-01-07 10:17:00,"Yuba River","Yuba River","Continue trapping","Not recorded","Not recorded",NA,3,NA,"Yes",NA,NA,NA,NA
NA,NA,2001-01-08 10:00:00,"Yuba River","Yuba River","Continue trapping","Not recorded","Not recorded",NA,3,NA,"Yes",NA,NA,NA,NA
NA,NA,2001-01-09 10:03:00,"Yuba River","Yuba River","Continue trapping","Not recorded","Not recorded",NA,1.39999997615814,NA,"Yes",NA,NA,NA,NA
NA,NA,2001-01-10 09:55:00,"Yuba River","Yuba River","Continue trapping","Not recorded","Not recorded",NA,3,NA,"Yes",NA,NA,NA,NA
NA,NA,2001-01-11 10:00:00,"Yuba River","Yuba River","Continue trapping","Not recorded","Not recorded",NA,1.79999995231628,NA,"Yes",NA,NA,NA,NA
NA,NA,2001-01-12 11:04:00,"Yuba River","Yuba River","Continue trapping","Not recorded","Not recorded",NA,1.60000002384186,NA,"Yes",NA,NA,NA,NA
NA,NA,2001-01-13 11:24:00,"Yuba River","Yuba River","Continue trapping","Not recorded","Not recorded",NA,3,NA,"Yes",NA,NA,NA,NA
NA,NA,2001-01-14 09:30:00,"Yuba River","Yuba River","Continue trapping","Not recorded","Not recorded",NA,3.5,NA,"Yes",NA,NA,NA,NA
NA,NA,2001-01-15 12:06:00,"Yuba River","Yuba River","Continue trapping","Not recorded","Not recorded",NA,4,NA,"Yes",NA,NA,NA,NA
NA,NA,2001-01-16 11:03:00,"Yuba River","Yuba River","Continue trapping","Not recorded","Not recorded",NA,4,NA,"Yes",NA,NA,NA,NA
NA,NA,2001-01-17 11:50:00,"Yuba River","Yuba River","Continue trapping","Not recorded","Not recorded",NA,4,NA,"Yes",NA,NA,NA,NA
NA,NA,2001-01-18 11:00:00,"Yuba River","Yuba River","Continue trapping","Not recorded","Not recorded",NA,4.09999990463257,NA,"Yes",NA,NA,NA,NA
NA,NA,2001-01-19 10:05:00,"Yuba River","Yuba River","Continue trapping","Not recorded","Not recorded",NA,4,NA,"Yes",NA,NA,NA,NA
NA,NA,2001-01-20 11:07:00,"Yuba River","Yuba River","Continue trapping","Not recorded","Not recorded",NA,3.5,NA,"Yes",NA,NA,NA,NA
NA,NA,2001-01-21 09:55:00,"Yuba River","Yuba River","Continue trapping","Not recorded","Not recorded",NA,4.09999990463257,NA,"Yes",NA,NA,NA,NA
NA,NA,2001-01-22 09:43:00,"Yuba River","Yuba River","Continue trapping","Not recorded","Not recorded",NA,3.79999995231628,NA,"Yes",NA,NA,NA,NA
NA,NA,2001-01-23 11:09:00,"Yuba River","Yuba River","Continue trapping","Not recorded","Not recorded",NA,4,NA,"Yes",NA,NA,NA,NA
NA,NA,2001-01-24 10:55:00,"Yuba River","Yuba River","Continue trapping","Not recorded","Not recorded",NA,3.59999990463257,NA,"Yes",NA,NA,NA,NA
NA,NA,2001-01-25 13:48:00,"Yuba River","Yuba River","Continue trapping","Not recorded","Not recorded",NA,3.70000004768372,NA,"Yes",NA,NA,NA,NA
NA,NA,2001-01-26 13:45:00,"Yuba River","Yuba River","Continue trapping","Not recorded","Not recorded",NA,1.5,NA,"Yes",NA,NA,NA,NA
NA,NA,2001-01-27 14:21:00,"Yuba River","Yuba River","Continue trapping","Not recorded","Not recorded",NA,5.19999980926514,NA,"Yes",NA,NA,NA,NA
NA,NA,2001-01-28 13:23:00,"Yuba River","Yuba River","Continue trapping","Not recorded","Not recorded",NA,5,NA,"Yes",NA,NA,NA,NA
NA,NA,2001-01-29 13:13:00,"Yuba River","Yuba River","Continue trapping","Not recorded","Not recorded",NA,4.90000009536743,NA,"Yes",NA,NA,NA,NA
NA,NA,2001-01-30 12:26:00,"Yuba River","Yuba River","Continue trapping","Not recorded","Not recorded",NA,4.5,NA,"Yes",NA,NA,NA,NA
NA,NA,2001-01-31 13:00:00,"Yuba River","Yuba River","Continue trapping","Not recorded","Not recorded",NA,4.5,NA,"Yes",NA,NA,NA,NA
NA,NA,2001-02-01 12:00:00,"Yuba River","Yuba River","Continue trapping","Not recorded","Not recorded",NA,4.09999990463257,NA,"Yes",NA,NA,NA,NA
NA,NA,2001-02-02 11:18:00,"Yuba River","Yuba River","Continue trapping","Not recorded","Not recorded",NA,3.79999995231628,NA,"Yes",NA,NA,NA,NA
NA,NA,2001-02-03 11:10:00,"Yuba River","Yuba River","Continue trapping","Not recorded","Not recorded",NA,2.90000009536743,NA,"Yes",NA,NA,NA,NA
NA,NA,2001-02-04 12:55:00,"Yuba River","Yuba River","Continue trapping","Not recorded","Not recorded",NA,2.5,NA,"Yes",NA,NA,NA,NA
NA,NA,2001-02-05 17:29:00,"Yuba River","Yuba River","Continue trapping","Not recorded","Not recorded",NA,2.79999995231628,NA,"Yes",NA,NA,NA,NA
NA,NA,2001-02-06 12:40:00,"Yuba River","Yuba River","Continue trapping","Not recorded","Not recorded",NA,2.90000009536743,NA,"Yes",NA,NA,NA,NA
NA,NA,2001-02-07 12:03:00,"Yuba River","Yuba River","Continue trapping","Not recorded","Not recorded",NA,2.90000009536743,NA,"Yes",NA,NA,NA,NA
NA,NA,2001-02-08 12:20:00,"Yuba River","Yuba River","Continue trapping","Not recorded","Not recorded",NA,2.79999995231628,NA,"Yes",NA,NA,NA,NA
NA,NA,2001-02-09 11:09:00,"Yuba River","Yuba River","Continue trapping","Not recorded","Not recorded",NA,2.09999990463257,NA,"Yes",NA,NA,NA,NA
NA,NA,2001-02-10 11:33:00,"Yuba River","Yuba River","End trapping","Not recorded","Not recorded",NA,2.5,NA,"Yes",NA,NA,NA,NA
NA,NA,2001-02-14 14:43:00,"Yuba River","Yuba River","Continue trapping","Not recorded","Not recorded",NA,3,NA,"Yes",NA,NA,NA,NA
NA,NA,2001-02-15 14:08:00,"Yuba River","Yuba River","Continue trapping","Not recorded","Not recorded",NA,3,NA,"Yes",NA,NA,NA,NA
NA,NA,2001-02-16 11:25:00,"Yuba River","Yuba River","Continue trapping","Not recorded","Not recorded",NA,2.59999990463257,NA,"Yes",NA,NA,NA,NA
NA,NA,2001-02-17 10:56:00,"Yuba River","Yuba River","Continue trapping","Not recorded","Not recorded",NA,2.29999995231628,NA,"Yes",NA,NA,NA,NA
NA,NA,2001-02-18 10:37:00,"Yuba River","Yuba River","Continue trapping","Not recorded","Not recorded",NA,2.70000004768372,NA,"Yes",NA,NA,NA,NA
NA,NA,2001-02-19 12:35:00,"Yuba River","Yuba River","End trapping","Not recorded","Not recorded",NA,2.70000004768372,NA,"Yes",NA,NA,NA,NA
NA,NA,2001-02-21 17:11:00,"Yuba River","Yuba River","End trapping","Not recorded","Not recorded",NA,4.30000019073486,NA,"Yes",NA,NA,NA,NA
NA,NA,2001-02-22 11:36:00,"Yuba River","Yuba River","Start trap & begin trapping","Not recorded","Not recorded",NA,6.40000009536743,NA,"Yes",NA,NA,NA,NA
NA,NA,2001-02-23 14:22:00,"Yuba River","Yuba River","Continue trapping","Not recorded","Not recorded",NA,5.09999990463257,NA,"Yes",NA,NA,NA,NA
NA,NA,2001-02-24 13:21:00,"Yuba River","Yuba River","Continue trapping","Not recorded","Not recorded",NA,4.90000009536743,NA,"Yes",NA,NA,NA,NA
NA,NA,2001-02-25 12:11:00,"Yuba River","Yuba River","Continue trapping","Not recorded","Not recorded",NA,5.90000009536743,NA,"Yes",NA,NA,NA,NA
NA,NA,2001-02-26 12:37:00,"Yuba River","Yuba River","Continue trapping","Not recorded","Not recorded",NA,5.40000009536743,NA,"Yes",NA,NA,NA,NA
NA,NA,2001-02-27 12:46:00,"Yuba River","Yuba River","Continue trapping","Not recorded","Not recorded",NA,5.09999990463257,NA,"Yes",NA,NA,NA,NA
NA,NA,2001-02-28 13:19:00,"Yuba River","Yuba River","Continue trapping","Not recorded","Not recorded",NA,5,NA,"Yes",NA,NA,NA,NA
NA,NA,2001-03-01 13:14:00,"Yuba River","Yuba River","Continue trapping","Not recorded","Not recorded",NA,4.80000019073486,NA,"Yes",NA,NA,NA,NA
NA,NA,2001-03-02 11:58:00,"Yuba River","Yuba River","Continue trapping","Not recorded","Not recorded",NA,4.5,NA,"Yes",NA,NA,NA,NA
NA,NA,2001-03-03 14:04:00,"Yuba River","Yuba River","Continue trapping","Not recorded","Not recorded",NA,5,NA,"Yes",NA,NA,NA,NA
NA,NA,2001-03-04 12:46:00,"Yuba River","Yuba River","Continue trapping","Not recorded","Not recorded",NA,4.90000009536743,NA,"Yes",NA,NA,NA,NA
NA,NA,2001-03-05 13:05:00,"Yuba River","Yuba River","Continue trapping","Not recorded","Not recorded",NA,4.59999990463257,NA,"Yes",NA,NA,NA,NA
NA,NA,2001-03-06 15:15:00,"Yuba River","Yuba River","Continue trapping","Not recorded","Not recorded",NA,5.30000019073486,NA,"Yes",NA,NA,NA,NA
NA,NA,2001-03-07 14:25:00,"Yuba River","Yuba River","Continue trapping","Not recorded","Not recorded",NA,5.19999980926514,NA,"Yes",NA,NA,NA,NA
NA,NA,2001-03-08 13:18:00,"Yuba River","Yuba River","Continue trapping","Not recorded","Not recorded",NA,4.90000009536743,NA,"Yes",NA,NA,NA,NA
NA,NA,2001-03-09 12:15:00,"Yuba River","Yuba River","Continue trapping","Not recorded","Not recorded",NA,4.59999990463257,NA,"Yes",NA,NA,NA,NA
NA,NA,2001-03-10 12:05:00,"Yuba River","Yuba River","Continue trapping","Not recorded","Not recorded",NA,4.5,NA,"Yes",NA,NA,NA,NA
NA,NA,2001-03-11 12:00:00,"Yuba River","Yuba River","Continue trapping","Not recorded","Not recorded",NA,4.5,NA,"Yes",NA,NA,NA,NA
NA,NA,2001-03-12 10:50:00,"Yuba River","Yuba River","Continue trapping","Not recorded","Not recorded",NA,4,NA,"Yes",NA,NA,NA,NA
NA,NA,2001-03-13 12:17:00,"Yuba River","Yuba River","Continue trapping","Not recorded","Not recorded",NA,4,NA,"Yes",NA,NA,NA,NA
NA,NA,2001-03-14 12:53:00,"Yuba River","Yuba River","Continue trapping","Not recorded","Not recorded",NA,3.5,NA,"Yes",NA,NA,NA,NA
NA,NA,2001-03-15 12:18:00,"Yuba River","Yuba River","Continue trapping","Not recorded","Not recorded",NA,3.40000009536743,NA,"Yes",NA,NA,NA,NA
NA,NA,2001-03-16 12:09:00,"Yuba River","Yuba River","Continue trapping","Not recorded","Not recorded",NA,3.29999995231628,NA,"Yes",NA,NA,NA,NA
NA,NA,2001-03-17 09:50:00,"Yuba River","Yuba River","Continue trapping","Not recorded","Not recorded",NA,2.79999995231628,NA,"Yes",NA,NA,NA,NA
NA,NA,2001-03-18 11:40:00,"Yuba River","Yuba River","Continue trapping","Not recorded","Not recorded",NA,1.89999997615814,NA,"Yes",NA,NA,NA,NA
NA,NA,2001-03-19 11:23:00,"Yuba River","Yuba River","Continue trapping","Not recorded","Not recorded",NA,1.5,NA,"Yes",NA,NA,NA,NA
NA,NA,2001-03-20 12:00:00,"Yuba River","Yuba River","Continue trapping","Not recorded","Not recorded",NA,1.10000002384186,NA,"Yes",NA,NA,NA,NA
NA,NA,2001-03-21 12:03:00,"Yuba River","Yuba River","Continue trapping","Not recorded","Not recorded",NA,0.899999976158142,NA,"Yes",NA,NA,NA,NA
NA,NA,2001-03-22 13:12:00,"Yuba River","Yuba River","Continue trapping","Not recorded","Not recorded",NA,0.800000011920929,NA,"Yes",NA,NA,NA,NA
NA,NA,2001-03-23 12:58:00,"Yuba River","Yuba River","Continue trapping","Not recorded","Not recorded",NA,0.699999988079071,NA,"Yes",NA,NA,NA,NA
NA,NA,2001-03-24 12:55:00,"Yuba River","Yuba River","Continue trapping","Not recorded","Not recorded",NA,0.5,NA,"Yes",NA,NA,NA,NA
NA,NA,2001-03-25 10:28:00,"Yuba River","Yuba River","Continue trapping","Not recorded","Not recorded",NA,0.5,NA,"Yes",NA,NA,NA,NA
NA,NA,2001-03-26 11:51:00,"Yuba River","Yuba River","Continue trapping","Not recorded","Not recorded",NA,0.600000023841858,NA,"Yes",NA,NA,NA,NA
NA,NA,2001-03-27 11:18:00,"Yuba River","Yuba River","Continue trapping","Not recorded","Not recorded",NA,0.600000023841858,NA,"Yes",NA,NA,NA,NA
NA,NA,2001-03-28 00:00:00,"Yuba River","Yuba River","Continue trapping","Not recorded","Not recorded",NA,0.5,NA,"Yes",NA,0.969216722571533,12,2.40000009536743
NA,NA,2001-03-29 11:00:00,"Yuba River","Yuba River","Continue trapping","Not recorded","Not recorded",NA,0.600000023841858,NA,"Yes",NA,NA,NA,NA
NA,NA,2001-03-30 11:27:00,"Yuba River","Yuba River","Continue trapping","Not recorded","Not recorded",NA,0.200000002980232,NA,"Yes",NA,NA,NA,NA
NA,NA,2001-03-31 10:42:00,"Yuba River","Yuba River","Continue trapping","Not recorded","Not recorded",NA,0.600000023841858,NA,"Yes",NA,NA,NA,NA
NA,NA,2001-04-01 10:42:00,"Yuba River","Yuba River","Continue trapping","Not recorded","Not recorded",NA,0,NA,"Yes",NA,NA,NA,NA
NA,NA,2001-04-03 14:32:00,"Yuba River","Yuba River","Continue trapping","Not recorded","Not recorded",NA,2.40000009536743,NA,"Yes",NA,NA,NA,NA
NA,NA,2001-04-04 17:25:00,"Yuba River","Yuba River","Continue trapping","Not recorded","Not recorded",NA,2.70000004768372,NA,"Yes",NA,NA,NA,NA
NA,NA,2001-04-05 17:37:00,"Yuba River","Yuba River","Continue trapping","Not recorded","Not recorded",NA,1,NA,"Yes",NA,NA,NA,NA
NA,NA,2001-04-06 12:35:00,"Yuba River","Yuba River","Continue trapping","Not recorded","Not recorded",NA,0.699999988079071,NA,"Yes",NA,NA,NA,NA
NA,NA,2001-04-07 10:09:00,"Yuba River","Yuba River","Continue trapping","Not recorded","Not recorded",NA,1,NA,"Yes",NA,NA,NA,NA
NA,NA,2001-04-08 17:04:00,"Yuba River","Yuba River","Continue trapping","Not recorded","Not recorded",NA,1.10000002384186,NA,"Yes",NA,NA,NA,NA
NA,NA,2001-04-09 14:28:00,"Yuba River","Yuba River","Continue trapping","Not recorded","Not recorded",NA,2.20000004768372,NA,"Yes",NA,NA,NA,NA
NA,NA,2001-04-10 13:36:00,"Yuba River","Yuba River","Continue trapping","Not recorded","Not recorded",NA,2,NA,"Yes",NA,NA,NA,NA
NA,NA,2001-04-11 11:12:00,"Yuba River","Yuba River","Continue trapping","Not recorded","Not recorded",NA,2.79999995231628,NA,"Yes",NA,NA,NA,NA
NA,NA,2001-04-12 12:49:00,"Yuba River","Yuba River","Continue trapping","Not recorded","Not recorded",NA,2.09999990463257,NA,"Yes",NA,NA,NA,NA
NA,NA,2001-04-13 17:00:00,"Yuba River","Yuba River","Continue trapping","Not recorded","Not recorded",NA,1.70000004768372,NA,"Yes",NA,NA,NA,NA
NA,NA,2001-04-14 15:10:00,"Yuba River","Yuba River","Continue trapping","Not recorded","Not recorded",NA,3.40000009536743,NA,"Yes",NA,NA,NA,NA
NA,NA,2001-04-15 10:37:00,"Yuba River","Yuba River","End trapping","Not recorded","Not recorded",NA,2.40000009536743,NA,"Yes",NA,NA,NA,NA
NA,NA,2001-04-16 08:21:00,"Yuba River","Yuba River","Start trap & begin trapping","Not recorded","Not recorded",NA,0,NA,"Yes",NA,NA,NA,NA
NA,NA,2001-04-17 10:30:00,"Yuba River","Yuba River","Continue trapping","Not recorded","Not recorded",NA,2.09999990463257,NA,"Yes",NA,NA,NA,NA
NA,NA,2001-04-18 15:12:00,"Yuba River","Yuba River","Continue trapping","Not recorded","Not recorded",NA,2.09999990463257,NA,"Yes",NA,NA,NA,NA
NA,NA,2001-04-19 12:58:00,"Yuba River","Yuba River","Continue trapping","Not recorded","Not recorded",NA,2.79999995231628,NA,"Yes",NA,NA,NA,NA
NA,NA,2001-04-20 09:54:00,"Yuba River","Yuba River","Continue trapping","Not recorded","Not recorded",NA,2.90000009536743,NA,"Yes",NA,NA,NA,NA
NA,NA,2001-04-21 15:00:00,"Yuba River","Yuba River","Continue trapping","Not recorded","Not recorded",NA,2.70000004768372,NA,"Yes",NA,NA,NA,NA
NA,NA,2001-04-22 14:14:00,"Yuba River","Yuba River","Continue trapping","Not recorded","Not recorded",NA,3,NA,"Yes",NA,NA,NA,NA
NA,NA,2001-04-23 11:25:00,"Yuba River","Yuba River","Continue trapping","Not recorded","Not recorded",NA,3.20000004768372,NA,"Yes",NA,NA,NA,NA
NA,NA,2001-04-24 10:54:00,"Yuba River","Yuba River","Continue trapping","Not recorded","Not recorded",NA,4,NA,"Yes",NA,NA,NA,NA
NA,NA,2001-04-25 11:09:00,"Yuba River","Yuba River","Continue trapping","Not recorded","Not recorded",NA,3.20000004768372,NA,"Yes",NA,NA,NA,NA
NA,NA,2001-04-26 10:17:00,"Yuba River","Yuba River","Continue trapping","Not recorded","Not recorded",NA,3.29999995231628,NA,"Yes",NA,NA,NA,NA
NA,NA,2001-04-27 13:55:00,"Yuba River","Yuba River","Continue trapping","Not recorded","Not recorded",NA,2.79999995231628,NA,"Yes",NA,NA,NA,NA
NA,NA,2001-04-28 11:15:00,"Yuba River","Yuba River","Continue trapping","Not recorded","Not recorded",NA,2.79999995231628,NA,"Yes",NA,NA,NA,NA
NA,NA,2001-04-29 10:12:00,"Yuba River","Yuba River","Continue trapping","Not recorded","Not recorded",NA,2.70000004768372,NA,"Yes",NA,NA,NA,NA
NA,NA,2001-04-30 12:47:00,"Yuba River","Yuba River","Continue trapping","Not recorded","Not recorded",NA,2.40000009536743,NA,"Yes",NA,NA,NA,NA
NA,NA,2001-05-01 12:21:00,"Yuba River","Yuba River","Continue trapping","Not recorded","Not recorded",NA,2.09999990463257,NA,"Yes",NA,NA,NA,NA
NA,NA,2001-05-02 11:00:00,"Yuba River","Yuba River","Continue trapping","Not recorded","Not recorded",NA,1.60000002384186,NA,"Yes",NA,NA,NA,NA
NA,NA,2001-05-03 11:27:00,"Yuba River","Yuba River","Continue trapping","Not recorded","Not recorded",NA,1.60000002384186,NA,"Yes",NA,NA,NA,NA
NA,NA,2001-05-04 12:39:00,"Yuba River","Yuba River","Continue trapping","Not recorded","Not recorded",NA,2,NA,"Yes",NA,NA,NA,NA
NA,NA,2001-05-05 11:16:00,"Yuba River","Yuba River","Continue trapping","Not recorded","Not recorded",NA,2.09999990463257,NA,"Yes",NA,NA,NA,NA
NA,NA,2001-05-06 11:42:00,"Yuba River","Yuba River","Continue trapping","Not recorded","Not recorded",NA,1.79999995231628,NA,"Yes",NA,NA,NA,NA
NA,NA,2001-05-07 11:07:00,"Yuba River","Yuba River","Continue trapping","Not recorded","Not recorded",NA,1.89999997615814,NA,"Yes",NA,NA,NA,NA
NA,NA,2001-05-08 12:48:00,"Yuba River","Yuba River","Continue trapping","Not recorded","Not recorded",NA,1.70000004768372,NA,"Yes",NA,NA,NA,NA
NA,NA,2001-05-09 10:43:00,"Yuba River","Yuba River","Continue trapping","Not recorded","Not recorded",NA,1.5,NA,"Yes",NA,NA,NA,NA
NA,NA,2001-05-10 11:11:00,"Yuba River","Yuba River","Continue trapping","Not recorded","Not recorded",NA,1.5,NA,"Yes",NA,NA,NA,NA
NA,NA,2001-05-11 10:53:00,"Yuba River","Yuba River","Continue trapping","Not recorded","Not recorded",NA,1.5,NA,"Yes",NA,NA,NA,NA
NA,NA,2001-05-12 10:33:00,"Yuba River","Yuba River","Continue trapping","Not recorded","Not recorded",NA,1.89999997615814,NA,"Yes",NA,NA,NA,NA
NA,NA,2001-05-13 10:35:00,"Yuba River","Yuba River","Continue trapping","Not recorded","Not recorded",NA,1.89999997615814,NA,"Yes",NA,NA,NA,NA
NA,NA,2001-05-14 11:25:00,"Yuba River","Yuba River","Continue trapping","Not recorded","Not recorded",NA,2,NA,"Yes",NA,NA,NA,NA
NA,NA,2001-05-15 11:19:00,"Yuba River","Yuba River","Continue trapping","Not recorded","Not recorded",NA,2.20000004768372,NA,"Yes",NA,NA,NA,NA
NA,NA,2001-05-16 10:34:00,"Yuba River","Yuba River","Continue trapping","Not recorded","Not recorded",NA,2,NA,"Yes",NA,NA,NA,NA
NA,NA,2001-05-17 10:13:00,"Yuba River","Yuba River","Continue trapping","Not recorded","Not recorded",NA,1.79999995231628,NA,"Yes",NA,NA,NA,NA
NA,NA,2001-05-18 10:22:00,"Yuba River","Yuba River","Continue trapping","Not recorded","Not recorded",NA,1.60000002384186,NA,"Yes",NA,NA,NA,NA
NA,NA,2001-05-19 10:35:00,"Yuba River","Yuba River","Continue trapping","Not recorded","Not recorded",NA,2,NA,"Yes",NA,NA,NA,NA
NA,NA,2001-05-20 10:40:00,"Yuba River","Yuba River","Continue trapping","Not recorded","Not recorded",NA,1.60000002384186,NA,"Yes",NA,NA,NA,NA
NA,NA,2001-05-21 10:32:00,"Yuba River","Yuba River","Continue trapping","Not recorded","Not recorded",NA,1.5,NA,"Yes",NA,NA,NA,NA
NA,NA,2001-05-22 08:25:00,"Yuba River","Yuba River","Continue trapping","Not recorded","Not recorded",NA,2,NA,"Yes",NA,NA,NA,NA
NA,NA,2001-05-23 10:31:00,"Yuba River","Yuba River","Continue trapping","Not recorded","Not recorded",NA,2,NA,"Yes",NA,NA,NA,NA
NA,NA,2001-05-24 10:52:00,"Yuba River","Yuba River","Continue trapping","Not recorded","Not recorded",NA,1.60000002384186,NA,"Yes",NA,NA,NA,NA
NA,NA,2001-05-25 12:24:00,"Yuba River","Yuba River","Continue trapping","Not recorded","Not recorded",NA,1.5,NA,"Yes",NA,NA,NA,NA
NA,NA,2001-05-26 10:28:00,"Yuba River","Yuba River","Continue trapping","Not recorded","Not recorded",NA,1.39999997615814,NA,"Yes",NA,NA,NA,NA
NA,NA,2001-05-27 10:35:00,"Yuba River","Yuba River","Continue trapping","Not recorded","Not recorded",NA,1.39999997615814,NA,"Yes",NA,NA,NA,NA
NA,NA,2001-05-28 10:00:00,"Yuba River","Yuba River","Continue trapping","Not recorded","Not recorded",NA,1.5,NA,"Yes",NA,NA,NA,NA
NA,NA,2001-05-29 10:32:00,"Yuba River","Yuba River","Continue trapping","Not recorded","Not recorded",NA,1.39999997615814,NA,"Yes",NA,NA,NA,NA
NA,NA,2001-05-30 11:16:00,"Yuba River","Yuba River","Continue trapping","Not recorded","Not recorded",NA,1.5,NA,"Yes",NA,NA,NA,NA
NA,NA,2001-05-31 11:08:00,"Yuba River","Yuba River","Continue trapping","Not recorded","Not recorded",NA,1.39999997615814,NA,"Yes",NA,NA,NA,NA
NA,NA,2001-06-01 10:15:00,"Yuba River","Yuba River","Continue trapping","Not recorded","Not recorded",NA,1.10000002384186,NA,"Yes",NA,NA,NA,NA
NA,NA,2001-06-02 10:44:00,"Yuba River","Yuba River","Continue trapping","Not recorded","Not recorded",NA,1.29999995231628,NA,"Yes",NA,NA,NA,NA
NA,NA,2001-06-03 11:53:00,"Yuba River","Yuba River","Continue trapping","Not recorded","Not recorded",NA,1.39999997615814,NA,"Yes",NA,NA,NA,NA
NA,NA,2001-06-04 11:09:00,"Yuba River","Yuba River","Continue trapping","Not recorded","Not recorded",NA,1.29999995231628,NA,"Yes",NA,NA,NA,NA
NA,NA,2001-06-05 10:15:00,"Yuba River","Yuba River","Continue trapping","Not recorded","Not recorded",NA,1.5,NA,"Yes",NA,NA,NA,NA
NA,NA,2001-06-06 10:24:00,"Yuba River","Yuba River","Continue trapping","Not recorded","Not recorded",NA,1.39999997615814,NA,"Yes",NA,NA,NA,NA
NA,NA,2001-06-07 10:50:00,"Yuba River","Yuba River","Continue trapping","Not recorded","Not recorded",NA,1.39999997615814,NA,"Yes",NA,NA,NA,NA
NA,NA,2001-06-08 10:02:00,"Yuba River","Yuba River","Continue trapping","Not recorded","Not recorded",NA,1.39999997615814,NA,"Yes",NA,NA,NA,NA
NA,NA,2001-06-09 10:50:00,"Yuba River","Yuba River","Continue trapping","Not recorded","Not recorded",NA,1.39999997615814,NA,"Yes",NA,NA,NA,NA
NA,NA,2001-06-10 11:25:00,"Yuba River","Yuba River","Continue trapping","Not recorded","Not recorded",NA,1.29999995231628,NA,"Yes",NA,NA,NA,NA
NA,NA,2001-06-11 11:21:00,"Yuba River","Yuba River","Continue trapping","Not recorded","Not recorded",NA,1.10000002384186,NA,"Yes",NA,NA,NA,NA
NA,NA,2001-06-12 09:25:00,"Yuba River","Yuba River","Continue trapping","Not recorded","Not recorded",NA,1.20000004768372,NA,"Yes",NA,NA,NA,NA
NA,NA,2001-06-13 10:33:00,"Yuba River","Yuba River","Continue trapping","Not recorded","Not recorded",NA,1.10000002384186,NA,"Yes",NA,NA,NA,NA
NA,NA,2001-06-14 09:50:00,"Yuba River","Yuba River","Continue trapping","Not recorded","Not recorded",NA,1.10000002384186,NA,"Yes",NA,NA,NA,NA
NA,NA,2001-06-15 09:57:00,"Yuba River","Yuba River","Continue trapping","Not recorded","Not recorded",NA,1.29999995231628,NA,"Yes",NA,NA,NA,NA
NA,NA,2001-06-16 09:38:00,"Yuba River","Yuba River","Continue trapping","Not recorded","Not recorded",NA,1,NA,"Yes",NA,NA,NA,NA
NA,NA,2001-06-17 10:21:00,"Yuba River","Yuba River","Continue trapping","Not recorded","Not recorded",NA,1.10000002384186,NA,"Yes",NA,NA,NA,NA
NA,NA,2001-06-19 10:38:00,"Yuba River","Yuba River","Continue trapping","Not recorded","Not recorded",NA,0.800000011920929,NA,"Yes",NA,NA,NA,NA
NA,NA,2001-06-20 10:40:00,"Yuba River","Yuba River","Continue trapping","Not recorded","Not recorded",NA,0.899999976158142,NA,"Yes",NA,NA,NA,NA
NA,NA,2001-06-21 11:30:00,"Yuba River","Yuba River","Continue trapping","Not recorded","Not recorded",NA,0.899999976158142,NA,"Yes",NA,NA,NA,NA
NA,NA,2001-06-22 10:32:00,"Yuba River","Yuba River","Continue trapping","Not recorded","Not recorded",NA,0.800000011920929,NA,"Yes",NA,NA,NA,NA
NA,NA,2001-06-23 10:20:00,"Yuba River","Yuba River","Continue trapping","Not recorded","Not recorded",NA,0.800000011920929,NA,"Yes",NA,NA,NA,NA
NA,NA,2001-06-24 11:26:00,"Yuba River","Yuba River","Continue trapping","Not recorded","Not recorded",NA,0.800000011920929,NA,"Yes",NA,NA,NA,NA
NA,NA,2001-06-25 10:30:00,"Yuba River","Yuba River","Continue trapping","Not recorded","Not recorded",NA,1.10000002384186,NA,"Yes",NA,NA,NA,NA
NA,NA,2001-06-26 09:52:00,"Yuba River","Yuba River","Continue trapping","Not recorded","Not recorded",NA,1.20000004768372,NA,"Yes",NA,NA,NA,NA
NA,NA,2001-06-27 10:13:00,"Yuba River","Yuba River","Continue trapping","Not recorded","Not recorded",NA,1.39999997615814,NA,"Yes",NA,NA,NA,NA
NA,NA,2001-06-28 09:54:00,"Yuba River","Yuba River","Continue trapping","Not recorded","Not recorded",NA,1.20000004768372,NA,"Yes",NA,NA,NA,NA
NA,NA,2001-06-29 12:07:00,"Yuba River","Yuba River","Continue trapping","Not recorded","Not recorded",NA,1,NA,"Yes",NA,NA,NA,NA
NA,NA,2001-06-30 10:50:00,"Yuba River","Yuba River","Continue trapping","Not recorded","Not recorded",NA,0.699999988079071,NA,"Yes",NA,NA,NA,NA
NA,NA,2001-07-01 11:07:00,"Yuba River","Yuba River","Continue trapping","Not recorded","Not recorded",NA,0.800000011920929,NA,"Yes",NA,NA,NA,NA
NA,NA,2001-07-02 09:53:00,"Yuba River","Yuba River","Continue trapping","Not recorded","Not recorded",NA,0.699999988079071,NA,"Yes",NA,NA,NA,NA
NA,NA,2001-07-04 10:24:00,"Yuba River","Yuba River","Continue trapping","Not recorded","Not recorded",NA,1.10000002384186,NA,"Yes",NA,NA,NA,NA
NA,NA,2001-07-06 11:21:00,"Yuba River","Yuba River","Continue trapping","Not recorded","Not recorded",NA,0.5,NA,"Yes",NA,NA,NA,NA
NA,NA,2001-07-07 12:18:00,"Yuba River","Yuba River","Continue trapping","Not recorded","Not recorded",NA,2.5,NA,"Yes",NA,NA,NA,NA
NA,NA,2001-07-08 10:54:00,"Yuba River","Yuba River","Continue trapping","Not recorded","Not recorded",NA,3.40000009536743,NA,"Yes",NA,NA,NA,NA
NA,NA,2001-07-09 11:47:00,"Yuba River","Yuba River","Continue trapping","Not recorded","Not recorded",NA,3.29999995231628,NA,"Yes",NA,NA,NA,NA
NA,NA,2001-07-10 12:54:00,"Yuba River","Yuba River","Continue trapping","Not recorded","Not recorded",NA,4.19999980926514,NA,"Yes",NA,NA,NA,NA
NA,NA,2001-07-11 10:24:00,"Yuba River","Yuba River","Continue trapping","Not recorded","Not recorded",NA,4.09999990463257,NA,"Yes",NA,NA,NA,NA
NA,NA,2001-07-12 12:10:00,"Yuba River","Yuba River","Continue trapping","Not recorded","Not recorded",NA,4.09999990463257,NA,"Yes",NA,NA,NA,NA
NA,NA,2001-07-13 11:43:00,"Yuba River","Yuba River","Continue trapping","Not recorded","Not recorded",NA,4.5,NA,"Yes",NA,NA,NA,NA
NA,NA,2001-07-14 10:19:00,"Yuba River","Yuba River","Continue trapping","Not recorded","Not recorded",NA,4.80000019073486,NA,"Yes",NA,NA,NA,NA
NA,NA,2001-07-15 12:30:00,"Yuba River","Yuba River","Continue trapping","Not recorded","Not recorded",NA,4.5,NA,"Yes",NA,NA,NA,NA
NA,NA,2001-07-16 10:56:00,"Yuba River","Yuba River","Continue trapping","Not recorded","Not recorded",NA,3.70000004768372,NA,"Yes",NA,NA,NA,NA
NA,NA,2001-07-17 17:52:00,"Yuba River","Yuba River","Continue trapping","Not recorded","Not recorded",NA,3.70000004768372,NA,"Yes",NA,NA,NA,NA
NA,NA,2001-07-18 11:55:00,"Yuba River","Yuba River","Continue trapping","Not recorded","Not recorded",NA,4.59999990463257,NA,"Yes",NA,NA,NA,NA
NA,NA,2001-07-19 10:47:00,"Yuba River","Yuba River","Continue trapping","Not recorded","Not recorded",NA,0,NA,"Yes",NA,NA,NA,NA
NA,NA,2001-07-20 12:20:00,"Yuba River","Yuba River","Continue trapping","Not recorded","Not recorded",NA,3.79999995231628,NA,"Yes",NA,NA,NA,NA
NA,NA,2001-07-21 12:21:00,"Yuba River","Yuba River","Continue trapping","Not recorded","Not recorded",NA,5,NA,"Yes",NA,NA,NA,NA
NA,NA,2001-07-22 17:00:00,"Yuba River","Yuba River","Continue trapping","Not recorded","Not recorded",NA,4.40000009536743,NA,"Yes",NA,NA,NA,NA
NA,NA,2001-07-23 10:15:00,"Yuba River","Yuba River","Continue trapping","Not recorded","Not recorded",NA,5.69999980926514,NA,"Yes",NA,NA,NA,NA
NA,NA,2001-07-24 11:32:00,"Yuba River","Yuba River","Continue trapping","Not recorded","Not recorded",NA,4.40000009536743,NA,"Yes",NA,NA,NA,NA
NA,NA,2001-07-25 10:34:00,"Yuba River","Yuba River","Continue trapping","Not recorded","Not recorded",NA,5.40000009536743,NA,"Yes",NA,NA,NA,NA
NA,NA,2001-07-26 11:18:00,"Yuba River","Yuba River","Continue trapping","Not recorded","Not recorded",NA,5.30000019073486,NA,"Yes",NA,NA,NA,NA
NA,NA,2001-07-27 12:30:00,"Yuba River","Yuba River","Continue trapping","Not recorded","Not recorded",NA,4.90000009536743,NA,"Yes",NA,NA,NA,NA
NA,NA,2001-07-28 14:27:00,"Yuba River","Yuba River","Continue trapping","Not recorded","Not recorded",NA,5.09999990463257,NA,"Yes",NA,NA,NA,NA
NA,NA,2001-07-29 14:08:00,"Yuba River","Yuba River","Continue trapping","Not recorded","Not recorded",NA,5.09999990463257,NA,"Yes",NA,NA,NA,NA
NA,NA,2001-07-30 10:40:00,"Yuba River","Yuba River","Continue trapping","Not recorded","Not recorded",NA,5,NA,"Yes",NA,NA,NA,NA
NA,NA,2001-07-31 10:24:00,"Yuba River","Yuba River","Continue trapping","Not recorded","Not recorded",NA,4.69999980926514,NA,"Yes",NA,NA,NA,NA
NA,NA,2001-08-01 10:18:00,"Yuba River","Yuba River","Continue trapping","Not recorded","Not recorded",NA,5.09999990463257,NA,"Yes",NA,NA,NA,NA
NA,NA,2001-08-02 10:19:00,"Yuba River","Yuba River","Continue trapping","Not recorded","Not recorded",NA,5.09999990463257,NA,"Yes",NA,NA,NA,NA
NA,NA,2001-08-03 10:10:00,"Yuba River","Yuba River","Continue trapping","Not recorded","Not recorded",NA,5.09999990463257,NA,"Yes",NA,NA,NA,NA
NA,NA,2001-08-04 11:24:00,"Yuba River","Yuba River","Continue trapping","Not recorded","Not recorded",NA,4.09999990463257,NA,"Yes",NA,NA,NA,NA
NA,NA,2001-08-05 13:50:00,"Yuba River","Yuba River","Continue trapping","Not recorded","Not recorded",NA,5.09999990463257,NA,"Yes",NA,NA,NA,NA
NA,NA,2001-08-06 10:39:00,"Yuba River","Yuba River","Continue trapping","Not recorded","Not recorded",NA,4.19999980926514,NA,"Yes",NA,NA,NA,NA
NA,NA,2001-08-07 10:20:00,"Yuba River","Yuba River","Continue trapping","Not recorded","Not recorded",NA,4.19999980926514,NA,"Yes",NA,NA,NA,NA
NA,NA,2001-08-08 10:24:00,"Yuba River","Yuba River","Continue trapping","Not recorded","Not recorded",NA,4.5,NA,"Yes",NA,NA,NA,NA
NA,NA,2001-08-09 09:59:00,"Yuba River","Yuba River","Continue trapping","Not recorded","Not recorded",NA,4.59999990463257,NA,"Yes",NA,NA,NA,NA
NA,NA,2001-08-10 10:57:00,"Yuba River","Yuba River","Continue trapping","Not recorded","Not recorded",NA,5,NA,"Yes",NA,NA,NA,NA
NA,NA,2001-08-11 10:10:00,"Yuba River","Yuba River","Continue trapping","Not recorded","Not recorded",NA,4.59999990463257,NA,"Yes",NA,NA,NA,NA
NA,NA,2001-08-12 11:57:00,"Yuba River","Yuba River","Continue trapping","Not recorded","Not recorded",NA,4.09999990463257,NA,"Yes",NA,NA,NA,NA
NA,NA,2001-08-13 10:24:00,"Yuba River","Yuba River","Continue trapping","Not recorded","Not recorded",NA,3.79999995231628,NA,"Yes",NA,NA,NA,NA
NA,NA,2001-08-16 10:27:00,"Yuba River","Yuba River","Continue trapping","Not recorded","Not recorded",NA,5,NA,"Yes",NA,NA,NA,NA
NA,NA,2001-08-17 10:55:00,"Yuba River","Yuba River","Continue trapping","Not recorded","Not recorded",NA,4.19999980926514,NA,"Yes",NA,NA,NA,NA
NA,NA,2001-08-18 11:34:00,"Yuba River","Yuba River","Continue trapping","Not recorded","Not recorded",NA,5.09999990463257,NA,"Yes",NA,NA,NA,NA
NA,NA,2001-08-19 10:30:00,"Yuba River","Yuba River","Continue trapping","Not recorded","Not recorded",NA,5.40000009536743,NA,"Yes",NA,NA,NA,NA
NA,NA,2001-08-22 10:10:00,"Yuba River","Yuba River","Continue trapping","Not recorded","Not recorded",NA,5.5,NA,"Yes",NA,NA,NA,NA
NA,NA,2001-08-30 08:04:00,"Yuba River","Yuba River","Continue trapping","Not recorded","Not recorded",NA,2.79999995231628,NA,"Yes",NA,NA,NA,NA
NA,NA,2001-09-01 13:36:00,"Yuba River","Yuba River","Continue trapping","Not recorded","Not recorded",NA,2.40000009536743,NA,"Yes",NA,NA,NA,NA
NA,NA,2001-09-06 09:35:00,"Yuba River","Yuba River","Continue trapping","Not recorded","Not recorded",NA,1.79999995231628,NA,"Yes",NA,NA,NA,NA
NA,NA,2001-09-07 10:10:00,"Yuba River","Yuba River","Continue trapping","Not recorded","Not recorded",NA,2,NA,"Yes",NA,NA,NA,NA
NA,NA,2001-09-20 09:16:00,"Yuba River","Yuba River","Continue trapping","Not recorded","Not recorded",NA,2,NA,"Yes",NA,NA,NA,NA
NA,NA,2001-10-04 10:05:00,"Yuba River","Yuba River","Continue trapping","Not recorded","Not recorded",NA,3,NA,"Yes",NA,NA,NA,NA
NA,NA,2001-11-01 10:00:00,"Yuba River","Yuba River","Continue trapping","Not recorded","Not recorded",NA,1.79999995231628,NA,"Yes",NA,NA,NA,NA
NA,NA,2001-11-10 10:36:00,"Yuba River","Yuba River","Continue trapping","Not recorded","Not recorded",NA,1.60000002384186,NA,"Yes",NA,NA,NA,NA
NA,NA,2001-11-15 09:55:00,"Yuba River","Yuba River","Continue trapping","Not recorded","Not recorded",NA,3.90000009536743,NA,"Yes",NA,NA,NA,NA
NA,NA,2001-11-16 09:43:00,"Yuba River","Yuba River","Continue trapping","Not recorded","Not recorded",NA,4,NA,"Yes",NA,NA,NA,NA
NA,NA,2001-11-17 10:44:00,"Yuba River","Yuba River","Continue trapping","Not recorded","Not recorded",NA,3.40000009536743,NA,"Yes",NA,NA,NA,NA
NA,NA,2001-11-18 12:00:00,"Yuba River","Yuba River","Continue trapping","Not recorded","Not recorded",NA,3.29999995231628,NA,"Yes",NA,NA,NA,NA
NA,NA,2001-11-19 09:53:00,"Yuba River","Yuba River","Continue trapping","Not recorded","Not recorded",NA,3.40000009536743,NA,"Yes",NA,NA,NA,NA
NA,NA,2001-11-20 10:00:00,"Yuba River","Yuba River","Continue trapping","Not recorded","Not recorded",NA,3.20000004768372,NA,"Yes",NA,NA,NA,NA
NA,NA,2001-11-22 11:02:00,"Yuba River","Yuba River","Continue trapping","Not recorded","Not recorded",NA,1.39999997615814,NA,"Yes",NA,NA,NA,NA
NA,NA,2001-11-23 10:20:00,"Yuba River","Yuba River","Continue trapping","Not recorded","Not recorded",NA,3.70000004768372,NA,"Yes",NA,NA,NA,NA
NA,NA,2001-11-24 10:50:00,"Yuba River","Yuba River","Continue trapping","Not recorded","Not recorded",NA,3.5,NA,"Yes",NA,NA,NA,NA
NA,NA,2001-11-25 12:00:00,"Yuba River","Yuba River","Continue trapping","Not recorded","Not recorded",NA,3.90000009536743,NA,"Yes",NA,NA,NA,NA
NA,NA,2001-11-26 10:35:00,"Yuba River","Yuba River","Continue trapping","Not recorded","Not recorded",NA,4.19999980926514,NA,"Yes",NA,NA,NA,NA
NA,NA,2001-11-27 09:55:00,"Yuba River","Yuba River","Continue trapping","Not recorded","Not recorded",NA,4,NA,"Yes",NA,NA,NA,NA
NA,NA,2001-11-28 09:57:00,"Yuba River","Yuba River","Continue trapping","Not recorded","Not recorded",NA,4.19999980926514,NA,"Yes",NA,NA,NA,NA
NA,NA,2001-11-29 09:50:00,"Yuba River","Yuba River","Continue trapping","Not recorded","Not recorded",NA,3.79999995231628,NA,"Yes",NA,NA,NA,NA
NA,NA,2001-11-30 09:52:00,"Yuba River","Yuba River","Continue trapping","Not recorded","Not recorded",NA,3.90000009536743,NA,"Yes",NA,NA,NA,NA
NA,NA,2001-12-01 10:33:00,"Yuba River","Yuba River","Continue trapping","Not recorded","Not recorded",NA,4.09999990463257,NA,"Yes",NA,NA,NA,NA
NA,NA,2001-12-02 13:30:00,"Yuba River","Yuba River","Continue trapping","Not recorded","Not recorded",NA,3.79999995231628,NA,"Yes",NA,NA,NA,NA
NA,NA,2001-12-03 09:00:00,"Yuba River","Yuba River","Continue trapping","Not recorded","Not recorded",NA,0,NA,"Yes",NA,NA,NA,NA
NA,NA,2001-12-04 12:30:00,"Yuba River","Yuba River","Continue trapping","Not recorded","Not recorded",NA,4.09999990463257,NA,"Yes",NA,NA,NA,NA
NA,NA,2001-12-05 10:28:00,"Yuba River","Yuba River","Continue trapping","Not recorded","Not recorded",NA,4,NA,"Yes",NA,NA,NA,NA
NA,NA,2001-12-06 09:28:00,"Yuba River","Yuba River","Continue trapping","Not recorded","Not recorded",NA,3.90000009536743,NA,"Yes",NA,NA,NA,NA
NA,NA,2001-12-07 11:56:00,"Yuba River","Yuba River","Continue trapping","Not recorded","Not recorded",NA,5,NA,"Yes",NA,NA,NA,NA
NA,NA,2001-12-08 12:23:00,"Yuba River","Yuba River","Continue trapping","Not recorded","Not recorded",NA,4.80000019073486,NA,"Yes",NA,NA,NA,NA
NA,NA,2001-12-09 11:08:00,"Yuba River","Yuba River","Continue trapping","Not recorded","Not recorded",NA,5,NA,"Yes",NA,NA,NA,NA
NA,NA,2001-12-10 13:05:00,"Yuba River","Yuba River","Continue trapping","Not recorded","Not recorded",NA,4.90000009536743,NA,"Yes",NA,NA,NA,NA
NA,NA,2001-12-11 12:34:00,"Yuba River","Yuba River","Continue trapping","Not recorded","Not recorded",NA,4.90000009536743,NA,"Yes",NA,NA,NA,NA
NA,NA,2001-12-12 11:58:00,"Yuba River","Yuba River","Continue trapping","Not recorded","Not recorded",NA,4.80000019073486,NA,"Yes",NA,NA,NA,NA
NA,NA,2001-12-13 00:00:00,"Yuba River","Yuba River","Not recorded","Not recorded","Not recorded",NA,NA,NA,"Yes",NA,NA,NA,NA
NA,NA,2001-12-14 13:35:00,"Yuba River","Yuba River","Continue trapping","Not recorded","Not recorded",NA,3.70000004768372,NA,"Yes",NA,NA,NA,NA
NA,NA,2001-12-15 13:28:00,"Yuba River","Yuba River","Continue trapping","Not recorded","Not recorded",NA,4.80000019073486,NA,"Yes",NA,NA,NA,NA
NA,NA,2001-12-16 12:40:00,"Yuba River","Yuba River","Continue trapping","Not recorded","Not recorded",NA,4.30000019073486,NA,"Yes",NA,NA,NA,NA
NA,NA,2001-12-17 12:07:00,"Yuba River","Yuba River","Continue trapping","Not recorded","Not recorded",NA,4.30000019073486,NA,"Yes",NA,NA,NA,NA
NA,NA,2001-12-18 12:08:00,"Yuba River","Yuba River","Continue trapping","Not recorded","Not recorded",NA,2.5,NA,"Yes",NA,NA,NA,NA
NA,NA,2001-12-19 11:35:00,"Yuba River","Yuba River","Continue trapping","Not recorded","Not recorded",NA,4.40000009536743,NA,"Yes",NA,NA,NA,NA
NA,NA,2001-12-20 10:55:00,"Yuba River","Yuba River","Continue trapping","Not recorded","Not recorded",NA,3.59999990463257,NA,"Yes",NA,NA,NA,NA
NA,NA,2001-12-21 12:40:00,"Yuba River","Yuba River","Continue trapping","Not recorded","Not recorded",NA,0.899999976158142,NA,"Yes",NA,NA,NA,NA
NA,NA,2001-12-22 12:20:00,"Yuba River","Yuba River","Continue trapping","Not recorded","Not recorded",NA,3.70000004768372,NA,"Yes",NA,NA,NA,NA
NA,NA,2001-12-23 12:41:00,"Yuba River","Yuba River","Continue trapping","Not recorded","Not recorded",NA,3.79999995231628,NA,"Yes",NA,NA,NA,NA
NA,NA,2001-12-24 11:50:00,"Yuba River","Yuba River","Continue trapping","Not recorded","Not recorded",NA,3.20000004768372,NA,"Yes",NA,NA,NA,NA
NA,NA,2001-12-25 12:05:00,"Yuba River","Yuba River","Continue trapping","Not recorded","Not recorded",NA,3.40000009536743,NA,"Yes",NA,NA,NA,NA
NA,NA,2001-12-26 09:42:00,"Yuba River","Yuba River","Continue trapping","Not recorded","Not recorded",NA,3.59999990463257,NA,"Yes",NA,NA,NA,NA
NA,NA,2001-12-27 10:50:00,"Yuba River","Yuba River","Continue trapping","Not recorded","Not recorded",NA,3.29999995231628,NA,"Yes",NA,NA,NA,NA
NA,NA,2001-12-28 09:33:00,"Yuba River","Yuba River","Continue trapping","Not recorded","Not recorded",NA,3.29999995231628,NA,"Yes",NA,NA,NA,NA
NA,NA,2001-12-29 11:30:00,"Yuba River","Yuba River","Continue trapping","Not recorded","Not recorded",NA,2.90000009536743,NA,"Yes",NA,NA,NA,NA
NA,NA,2001-12-30 11:30:00,"Yuba River","Yuba River","Continue trapping","Not recorded","Not recorded",NA,2.79999995231628,NA,"Yes",NA,NA,NA,NA
NA,NA,2001-12-31 12:50:00,"Yuba River","Yuba River","Continue trapping","Not recorded","Not recorded",NA,1.20000004768372,NA,"Yes",NA,NA,NA,NA
NA,NA,2002-01-01 13:32:00,"Yuba River","Yuba River","Continue trapping","Not recorded","Not recorded",NA,4.40000009536743,NA,"Yes",NA,NA,NA,NA
NA,NA,2002-01-02 13:18:00,"Yuba River","Yuba River","Continue trapping","Not recorded","Not recorded",NA,4.59999990463257,NA,"Yes",NA,NA,NA,NA
NA,NA,2002-01-03 12:13:00,"Yuba River","Yuba River","Continue trapping","Not recorded","Not recorded",NA,4.40000009536743,NA,"Yes",NA,NA,NA,NA
NA,NA,2002-01-04 11:47:00,"Yuba River","Yuba River","Continue trapping","Not recorded","Not recorded",NA,4.19999980926514,NA,"Yes",NA,NA,NA,NA
NA,NA,2002-01-05 11:17:00,"Yuba River","Yuba River","Continue trapping","Not recorded","Not recorded",NA,3.5,NA,"Yes",NA,NA,NA,NA
NA,NA,2002-01-06 11:05:00,"Yuba River","Yuba River","Continue trapping","Not recorded","Not recorded",NA,4,NA,"Yes",NA,NA,NA,NA
NA,NA,2002-01-07 11:12:00,"Yuba River","Yuba River","Continue trapping","Not recorded","Not recorded",NA,4.09999990463257,NA,"Yes",NA,NA,NA,NA
NA,NA,2002-01-08 11:23:00,"Yuba River","Yuba River","Continue trapping","Not recorded","Not recorded",NA,4.19999980926514,NA,"Yes",NA,NA,NA,NA
NA,NA,2002-01-09 10:26:00,"Yuba River","Yuba River","Continue trapping","Not recorded","Not recorded",NA,4.09999990463257,NA,"Yes",NA,NA,NA,NA
NA,NA,2002-01-10 11:39:00,"Yuba River","Yuba River","Continue trapping","Not recorded","Not recorded",NA,4.09999990463257,NA,"Yes",NA,NA,NA,NA
NA,NA,2002-01-11 12:00:00,"Yuba River","Yuba River","Continue trapping","Not recorded","Not recorded",NA,4.09999990463257,NA,"Yes",NA,NA,NA,NA
NA,NA,2002-01-12 12:12:00,"Yuba River","Yuba River","Continue trapping","Not recorded","Not recorded",NA,4.30000019073486,NA,"Yes",NA,NA,NA,NA
NA,NA,2002-01-13 10:58:00,"Yuba River","Yuba River","Continue trapping","Not recorded","Not recorded",NA,4.19999980926514,NA,"Yes",NA,NA,NA,NA
NA,NA,2002-01-14 11:32:00,"Yuba River","Yuba River","Continue trapping","Not recorded","Not recorded",NA,4.09999990463257,NA,"Yes",NA,NA,NA,NA
NA,NA,2002-01-15 10:47:00,"Yuba River","Yuba River","Continue trapping","Not recorded","Not recorded",NA,4.09999990463257,NA,"Yes",NA,NA,NA,NA
NA,NA,2002-01-16 11:39:00,"Yuba River","Yuba River","Continue trapping","Not recorded","Not recorded",NA,4,NA,"Yes",NA,NA,NA,NA
NA,NA,2002-01-17 12:15:00,"Yuba River","Yuba River","Continue trapping","Not recorded","Not recorded",NA,4,NA,"Yes",NA,NA,NA,NA
NA,NA,2002-01-18 11:30:00,"Yuba River","Yuba River","Continue trapping","Not recorded","Not recorded",NA,3.90000009536743,NA,"Yes",NA,NA,NA,NA
NA,NA,2002-01-19 11:00:00,"Yuba River","Yuba River","Continue trapping","Not recorded","Not recorded",NA,3.79999995231628,NA,"Yes",NA,NA,NA,NA
NA,NA,2002-01-20 10:55:00,"Yuba River","Yuba River","Continue trapping","Not recorded","Not recorded",NA,3.70000004768372,NA,"Yes",NA,NA,NA,NA
NA,NA,2002-01-21 11:02:00,"Yuba River","Yuba River","Continue trapping","Not recorded","Not recorded",NA,3.40000009536743,NA,"Yes",NA,NA,NA,NA
NA,NA,2002-01-22 11:45:00,"Yuba River","Yuba River","Continue trapping","Not recorded","Not recorded",NA,3.59999990463257,NA,"Yes",NA,NA,NA,NA
NA,NA,2002-01-23 11:53:00,"Yuba River","Yuba River","Continue trapping","Not recorded","Not recorded",NA,3.20000004768372,NA,"Yes",NA,NA,NA,NA
NA,NA,2002-01-24 10:15:00,"Yuba River","Yuba River","Continue trapping","Not recorded","Not recorded",NA,3.40000009536743,NA,"Yes",NA,NA,NA,NA
NA,NA,2002-01-25 11:08:00,"Yuba River","Yuba River","Continue trapping","Not recorded","Not recorded",NA,3.09999990463257,NA,"Yes",NA,NA,NA,NA
NA,NA,2002-01-26 11:11:00,"Yuba River","Yuba River","Continue trapping","Not recorded","Not recorded",NA,3.20000004768372,NA,"Yes",NA,NA,NA,NA
NA,NA,2002-01-27 12:10:00,"Yuba River","Yuba River","Continue trapping","Not recorded","Not recorded",NA,1.79999995231628,NA,"Yes",NA,NA,NA,NA
NA,NA,2002-01-28 12:12:00,"Yuba River","Yuba River","Continue trapping","Not recorded","Not recorded",NA,3,NA,"Yes",NA,NA,NA,NA
NA,NA,2002-01-29 10:34:00,"Yuba River","Yuba River","Continue trapping","Not recorded","Not recorded",NA,3.20000004768372,NA,"Yes",NA,NA,NA,NA
NA,NA,2002-01-30 11:20:00,"Yuba River","Yuba River","Continue trapping","Not recorded","Not recorded",NA,2.5,NA,"Yes",NA,NA,NA,NA
NA,NA,2002-01-31 10:35:00,"Yuba River","Yuba River","Continue trapping","Not recorded","Not recorded",NA,2,NA,"Yes",NA,NA,NA,NA
NA,NA,2002-02-01 10:58:00,"Yuba River","Yuba River","Continue trapping","Not recorded","Not recorded",NA,1.70000004768372,NA,"Yes",NA,NA,NA,NA
NA,NA,2002-02-02 11:10:00,"Yuba River","Yuba River","Continue trapping","Not recorded","Not recorded",NA,1.20000004768372,NA,"Yes",NA,NA,NA,NA
NA,NA,2002-02-03 10:42:00,"Yuba River","Yuba River","Continue trapping","Not recorded","Not recorded",NA,1.10000002384186,NA,"Yes",NA,NA,NA,NA
NA,NA,2002-02-04 11:18:00,"Yuba River","Yuba River","Continue trapping","Not recorded","Not recorded",NA,1.10000002384186,NA,"Yes",NA,NA,NA,NA
NA,NA,2002-02-05 10:35:00,"Yuba River","Yuba River","Continue trapping","Not recorded","Not recorded",NA,1,NA,"Yes",NA,NA,NA,NA
NA,NA,2002-02-06 09:48:00,"Yuba River","Yuba River","Continue trapping","Not recorded","Not recorded",NA,0.5,NA,"Yes",NA,NA,NA,NA
NA,NA,2002-02-07 10:12:00,"Yuba River","Yuba River","Continue trapping","Not recorded","Not recorded",NA,0.899999976158142,NA,"Yes",NA,NA,NA,NA
NA,NA,2002-02-08 09:41:00,"Yuba River","Yuba River","Continue trapping","Not recorded","Not recorded",NA,0.899999976158142,NA,"Yes",NA,NA,NA,NA
NA,NA,2002-02-09 10:49:00,"Yuba River","Yuba River","Continue trapping","Not recorded","Not recorded",NA,1,NA,"Yes",NA,NA,NA,NA
NA,NA,2002-02-10 11:10:00,"Yuba River","Yuba River","Continue trapping","Not recorded","Not recorded",NA,1,NA,"Yes",NA,NA,NA,NA
NA,NA,2002-02-11 11:45:00,"Yuba River","Yuba River","Continue trapping","Not recorded","Not recorded",NA,0.699999988079071,NA,"Yes",NA,NA,NA,NA
NA,NA,2002-02-12 10:33:00,"Yuba River","Yuba River","Continue trapping","Not recorded","Not recorded",NA,0.899999976158142,NA,"Yes",NA,NA,NA,NA
NA,NA,2002-02-13 09:48:00,"Yuba River","Yuba River","Continue trapping","Not recorded","Not recorded",NA,0.5,NA,"Yes",NA,NA,NA,NA
NA,NA,2002-02-14 10:45:00,"Yuba River","Yuba River","Continue trapping","Not recorded","Not recorded",NA,0.800000011920929,NA,"Yes",NA,NA,NA,NA
NA,NA,2002-02-15 11:15:00,"Yuba River","Yuba River","Continue trapping","Not recorded","Not recorded",NA,0.899999976158142,NA,"Yes",NA,NA,NA,NA
NA,NA,2002-02-16 10:53:00,"Yuba River","Yuba River","Continue trapping","Not recorded","Not recorded",NA,0.800000011920929,NA,"Yes",NA,NA,NA,NA
NA,NA,2002-02-17 09:52:00,"Yuba River","Yuba River","Continue trapping","Not recorded","Not recorded",NA,1,NA,"Yes",NA,NA,NA,NA
NA,NA,2002-02-18 11:21:00,"Yuba River","Yuba River","Continue trapping","Not recorded","Not recorded",NA,1.20000004768372,NA,"Yes",NA,NA,NA,NA
NA,NA,2002-02-19 10:35:00,"Yuba River","Yuba River","Unplanned restart","Not recorded","Not recorded",NA,0.899999976158142,NA,"Yes",NA,NA,NA,NA
NA,NA,2002-02-20 09:43:00,"Yuba River","Yuba River","Start trap & begin trapping","Not recorded","Not recorded",NA,0,NA,"Yes",NA,NA,NA,NA
NA,NA,2002-02-21 09:57:00,"Yuba River","Yuba River","Start trap & begin trapping","Not recorded","Not recorded",NA,0,NA,"Yes",NA,NA,NA,NA
NA,NA,2002-02-23 10:32:00,"Yuba River","Yuba River","Continue trapping","Not recorded","Not recorded",NA,0.699999988079071,NA,"Yes",NA,NA,NA,NA
NA,NA,2002-02-24 11:40:00,"Yuba River","Yuba River","Continue trapping","Not recorded","Not recorded",NA,1,NA,"Yes",NA,NA,NA,NA
NA,NA,2002-02-25 13:37:00,"Yuba River","Yuba River","Continue trapping","Not recorded","Not recorded",NA,1,NA,"Yes",NA,NA,NA,NA
NA,NA,2002-02-26 11:00:00,"Yuba River","Yuba River","Continue trapping","Not recorded","Not recorded",NA,1.10000002384186,NA,"Yes",NA,NA,NA,NA
NA,NA,2002-02-27 12:47:00,"Yuba River","Yuba River","Continue trapping","Not recorded","Not recorded",NA,0,NA,"Yes",NA,NA,NA,NA
NA,NA,2002-02-28 10:40:00,"Yuba River","Yuba River","Continue trapping","Not recorded","Not recorded",NA,1.70000004768372,NA,"Yes",NA,NA,NA,NA
NA,NA,2002-03-01 11:39:00,"Yuba River","Yuba River","Continue trapping","Not recorded","Not recorded",NA,1,NA,"Yes",NA,NA,NA,NA
NA,NA,2002-03-02 11:00:00,"Yuba River","Yuba River","Continue trapping","Not recorded","Not recorded",NA,1.20000004768372,NA,"Yes",NA,NA,NA,NA
NA,NA,2002-03-03 11:19:00,"Yuba River","Yuba River","Continue trapping","Not recorded","Not recorded",NA,1.29999995231628,NA,"Yes",NA,NA,NA,NA
NA,NA,2002-03-04 10:54:00,"Yuba River","Yuba River","Continue trapping","Not recorded","Not recorded",NA,1.10000002384186,NA,"Yes",NA,NA,NA,NA
NA,NA,2002-03-05 10:30:00,"Yuba River","Yuba River","Continue trapping","Not recorded","Not recorded",NA,1.10000002384186,NA,"Yes",NA,NA,NA,NA
NA,NA,2002-03-06 09:33:00,"Yuba River","Yuba River","End trapping","Not recorded","Not recorded",NA,1.20000004768372,NA,"Yes",NA,NA,NA,NA
NA,NA,2002-03-07 09:00:00,"Yuba River","Yuba River","Start trap & begin trapping","Not recorded","Not recorded",NA,0,NA,"Yes",NA,NA,NA,NA
NA,NA,2002-03-08 09:45:00,"Yuba River","Yuba River","Start trap & begin trapping","Not recorded","Not recorded",NA,0,NA,"Yes",NA,NA,NA,NA
NA,NA,2002-03-09 09:00:00,"Yuba River","Yuba River","Start trap & begin trapping","Not recorded","Not recorded",NA,5.40000009536743,NA,"Yes",NA,NA,NA,NA
NA,NA,2002-03-10 10:00:00,"Yuba River","Yuba River","Start trap & begin trapping","Not recorded","Not recorded",NA,4.69999980926514,NA,"Yes",NA,NA,NA,NA
NA,NA,2002-03-11 09:15:00,"Yuba River","Yuba River","Start trap & begin trapping","Not recorded","Not recorded",NA,5.30000019073486,NA,"Yes",NA,NA,NA,NA
NA,NA,2002-03-12 11:08:00,"Yuba River","Yuba River","Continue trapping","Not recorded","Not recorded",NA,5,NA,"Yes",NA,NA,NA,NA
NA,NA,2002-03-13 11:35:00,"Yuba River","Yuba River","Continue trapping","Not recorded","Not recorded",NA,4.5,NA,"Yes",NA,NA,NA,NA
NA,NA,2002-03-14 09:56:00,"Yuba River","Yuba River","Continue trapping","Not recorded","Not recorded",NA,4.69999980926514,NA,"Yes",NA,NA,NA,NA
NA,NA,2002-03-15 11:57:00,"Yuba River","Yuba River","Continue trapping","Not recorded","Not recorded",NA,4.59999990463257,NA,"Yes",NA,NA,NA,NA
NA,NA,2002-03-16 10:24:00,"Yuba River","Yuba River","Continue trapping","Not recorded","Not recorded",NA,4.59999990463257,NA,"Yes",NA,NA,NA,NA
NA,NA,2002-03-17 09:55:00,"Yuba River","Yuba River","Continue trapping","Not recorded","Not recorded",NA,4.59999990463257,NA,"Yes",NA,NA,NA,NA
NA,NA,2002-03-18 09:50:00,"Yuba River","Yuba River","Continue trapping","Not recorded","Not recorded",NA,4.30000019073486,NA,"Yes",NA,NA,NA,NA
NA,NA,2002-03-19 09:37:00,"Yuba River","Yuba River","Continue trapping","Not recorded","Not recorded",NA,4.69999980926514,NA,"Yes",NA,NA,NA,NA
NA,NA,2002-03-20 09:42:00,"Yuba River","Yuba River","Continue trapping","Not recorded","Not recorded",NA,4.40000009536743,NA,"Yes",NA,NA,NA,NA
NA,NA,2002-03-21 10:10:00,"Yuba River","Yuba River","Continue trapping","Not recorded","Not recorded",NA,4.30000019073486,NA,"Yes",NA,NA,NA,NA
NA,NA,2002-03-22 10:26:00,"Yuba River","Yuba River","Continue trapping","Not recorded","Not recorded",NA,4.09999990463257,NA,"Yes",NA,NA,NA,NA
NA,NA,2002-03-23 11:54:00,"Yuba River","Yuba River","Continue trapping","Not recorded","Not recorded",NA,3,NA,"Yes",NA,NA,NA,NA
NA,NA,2002-03-24 11:36:00,"Yuba River","Yuba River","Continue trapping","Not recorded","Not recorded",NA,1.10000002384186,NA,"Yes",NA,NA,NA,NA
NA,NA,2002-03-25 11:49:00,"Yuba River","Yuba River","Continue trapping","Not recorded","Not recorded",NA,5.09999990463257,NA,"Yes",NA,NA,NA,NA
NA,NA,2002-03-26 10:25:00,"Yuba River","Yuba River","Continue trapping","Not recorded","Not recorded",NA,4.69999980926514,NA,"Yes",NA,NA,NA,NA
NA,NA,2002-03-27 11:06:00,"Yuba River","Yuba River","Continue trapping","Not recorded","Not recorded",NA,5.09999990463257,NA,"Yes",NA,NA,NA,NA
NA,NA,2002-03-28 09:22:00,"Yuba River","Yuba River","Continue trapping","Not recorded","Not recorded",NA,5,NA,"Yes",NA,NA,NA,NA
NA,NA,2002-03-29 10:01:00,"Yuba River","Yuba River","Continue trapping","Not recorded","Not recorded",NA,5,NA,"Yes",NA,NA,NA,NA
NA,NA,2002-03-30 11:50:00,"Yuba River","Yuba River","Continue trapping","Not recorded","Not recorded",NA,4.40000009536743,NA,"Yes",NA,NA,NA,NA
NA,NA,2002-03-31 10:53:00,"Yuba River","Yuba River","Continue trapping","Not recorded","Not recorded",NA,4.40000009536743,NA,"Yes",NA,NA,NA,NA
NA,NA,2002-04-01 10:50:00,"Yuba River","Yuba River","Continue trapping","Not recorded","Not recorded",NA,4.09999990463257,NA,"Yes",NA,NA,NA,NA
NA,NA,2002-04-02 10:23:00,"Yuba River","Yuba River","Continue trapping","Not recorded","Not recorded",NA,4.40000009536743,NA,"Yes",NA,NA,NA,NA
NA,NA,2002-04-03 10:47:00,"Yuba River","Yuba River","Continue trapping","Not recorded","Not recorded",NA,4,NA,"Yes",NA,NA,NA,NA
NA,NA,2002-04-04 10:00:00,"Yuba River","Yuba River","Continue trapping","Not recorded","Not recorded",NA,3.09999990463257,NA,"Yes",NA,NA,NA,NA
NA,NA,2002-04-05 09:54:00,"Yuba River","Yuba River","Continue trapping","Not recorded","Not recorded",NA,2.59999990463257,NA,"Yes",NA,NA,NA,NA
NA,NA,2002-04-06 09:53:00,"Yuba River","Yuba River","Continue trapping","Not recorded","Not recorded",NA,3,NA,"Yes",NA,NA,NA,NA
NA,NA,2002-04-07 10:20:00,"Yuba River","Yuba River","Continue trapping","Not recorded","Not recorded",NA,2.90000009536743,NA,"Yes",NA,NA,NA,NA
NA,NA,2002-04-08 10:00:00,"Yuba River","Yuba River","Continue trapping","Not recorded","Not recorded",NA,2.09999990463257,NA,"Yes",NA,NA,NA,NA
NA,NA,2002-04-09 10:11:00,"Yuba River","Yuba River","Continue trapping","Not recorded","Not recorded",NA,1.70000004768372,NA,"Yes",NA,NA,NA,NA
NA,NA,2002-04-10 11:09:00,"Yuba River","Yuba River","Continue trapping","Not recorded","Not recorded",NA,1.5,NA,"Yes",NA,NA,NA,NA
NA,NA,2002-04-11 09:58:00,"Yuba River","Yuba River","Continue trapping","Not recorded","Not recorded",NA,1.60000002384186,NA,"Yes",NA,NA,NA,NA
NA,NA,2002-04-12 09:48:00,"Yuba River","Yuba River","Continue trapping","Not recorded","Not recorded",NA,1.20000004768372,NA,"Yes",NA,NA,NA,NA
NA,NA,2002-04-13 09:40:00,"Yuba River","Yuba River","Continue trapping","Not recorded","Not recorded",NA,1.10000002384186,NA,"Yes",NA,NA,NA,NA
NA,NA,2002-04-14 10:43:00,"Yuba River","Yuba River","Continue trapping","Not recorded","Not recorded",NA,0.800000011920929,NA,"Yes",NA,NA,NA,NA
NA,NA,2002-04-15 09:52:00,"Yuba River","Yuba River","Continue trapping","Not recorded","Not recorded",NA,0.5,NA,"Yes",NA,NA,NA,NA
NA,NA,2002-04-16 10:20:00,"Yuba River","Yuba River","Continue trapping","Not recorded","Not recorded",NA,1.60000002384186,NA,"Yes",NA,NA,NA,NA
NA,NA,2002-04-17 10:11:00,"Yuba River","Yuba River","Continue trapping","Not recorded","Not recorded",NA,1.60000002384186,NA,"Yes",NA,NA,NA,NA
NA,NA,2002-04-18 10:00:00,"Yuba River","Yuba River","Continue trapping","Not recorded","Not recorded",NA,1.5,NA,"Yes",NA,NA,NA,NA
NA,NA,2002-04-19 10:36:00,"Yuba River","Yuba River","Continue trapping","Not recorded","Not recorded",NA,1.39999997615814,NA,"Yes",NA,NA,NA,NA
NA,NA,2002-04-20 09:55:00,"Yuba River","Yuba River","Continue trapping","Not recorded","Not recorded",NA,1.29999995231628,NA,"Yes",NA,NA,NA,NA
NA,NA,2002-04-21 10:05:00,"Yuba River","Yuba River","Continue trapping","Not recorded","Not recorded",NA,1.39999997615814,NA,"Yes",NA,NA,NA,NA
NA,NA,2002-04-22 09:56:00,"Yuba River","Yuba River","Continue trapping","Not recorded","Not recorded",NA,1.39999997615814,NA,"Yes",NA,NA,NA,NA
NA,NA,2002-04-23 10:50:00,"Yuba River","Yuba River","Continue trapping","Not recorded","Not recorded",NA,1.39999997615814,NA,"Yes",NA,NA,NA,NA
NA,NA,2002-04-24 09:58:00,"Yuba River","Yuba River","Continue trapping","Not recorded","Not recorded",NA,1.39999997615814,NA,"Yes",NA,NA,NA,NA
NA,NA,2002-04-25 11:04:00,"Yuba River","Yuba River","Continue trapping","Not recorded","Not recorded",NA,1.60000002384186,NA,"Yes",NA,NA,NA,NA
NA,NA,2002-04-26 10:04:00,"Yuba River","Yuba River","Continue trapping","Not recorded","Not recorded",NA,2.09999990463257,NA,"Yes",NA,NA,NA,NA
NA,NA,2002-04-27 13:53:00,"Yuba River","Yuba River","Continue trapping","Not recorded","Not recorded",NA,2.90000009536743,NA,"Yes",NA,NA,NA,NA
NA,NA,2002-04-28 10:51:00,"Yuba River","Yuba River","Continue trapping","Not recorded","Not recorded",NA,2.40000009536743,NA,"Yes",NA,NA,NA,NA
NA,NA,2002-04-29 10:13:00,"Yuba River","Yuba River","Continue trapping","Not recorded","Not recorded",NA,1.39999997615814,NA,"Yes",NA,NA,NA,NA
NA,NA,2002-04-30 11:07:00,"Yuba River","Yuba River","Continue trapping","Not recorded","Not recorded",NA,2.29999995231628,NA,"Yes",NA,NA,NA,NA
NA,NA,2002-05-01 09:54:00,"Yuba River","Yuba River","Continue trapping","Not recorded","Not recorded",NA,2.20000004768372,NA,"Yes",NA,NA,NA,NA
NA,NA,2002-05-02 11:07:00,"Yuba River","Yuba River","Continue trapping","Not recorded","Not recorded",NA,2.40000009536743,NA,"Yes",NA,NA,NA,NA
NA,NA,2002-05-03 10:37:00,"Yuba River","Yuba River","Continue trapping","Not recorded","Not recorded",NA,2.20000004768372,NA,"Yes",NA,NA,NA,NA
NA,NA,2002-05-04 09:34:00,"Yuba River","Yuba River","Continue trapping","Not recorded","Not recorded",NA,2.09999990463257,NA,"Yes",NA,NA,NA,NA
NA,NA,2002-05-05 10:18:00,"Yuba River","Yuba River","Continue trapping","Not recorded","Not recorded",NA,2,NA,"Yes",NA,NA,NA,NA
NA,NA,2002-05-06 09:20:00,"Yuba River","Yuba River","Continue trapping","Not recorded","Not recorded",NA,1.89999997615814,NA,"Yes",NA,NA,NA,NA
NA,NA,2002-05-07 10:35:00,"Yuba River","Yuba River","Continue trapping","Not recorded","Not recorded",NA,2.59999990463257,NA,"Yes",NA,NA,NA,NA
NA,NA,2002-05-08 10:04:00,"Yuba River","Yuba River","Continue trapping","Not recorded","Not recorded",NA,2.5,NA,"Yes",NA,NA,NA,NA
NA,NA,2002-05-09 09:42:00,"Yuba River","Yuba River","Continue trapping","Not recorded","Not recorded",NA,2.90000009536743,NA,"Yes",NA,NA,NA,NA
NA,NA,2002-05-10 09:54:00,"Yuba River","Yuba River","Continue trapping","Not recorded","Not recorded",NA,2.90000009536743,NA,"Yes",NA,NA,NA,NA
NA,NA,2002-05-11 09:49:00,"Yuba River","Yuba River","Continue trapping","Not recorded","Not recorded",NA,2.5,NA,"Yes",NA,NA,NA,NA
NA,NA,2002-05-12 09:30:00,"Yuba River","Yuba River","Continue trapping","Not recorded","Not recorded",NA,2.90000009536743,NA,"Yes",NA,NA,NA,NA
NA,NA,2002-05-13 10:00:00,"Yuba River","Yuba River","Continue trapping","Not recorded","Not recorded",NA,2.70000004768372,NA,"Yes",NA,NA,NA,NA
NA,NA,2002-05-14 09:50:00,"Yuba River","Yuba River","Continue trapping","Not recorded","Not recorded",NA,2.79999995231628,NA,"Yes",NA,NA,NA,NA
NA,NA,2002-05-15 10:00:00,"Yuba River","Yuba River","Continue trapping","Not recorded","Not recorded",NA,2.90000009536743,NA,"Yes",NA,NA,NA,NA
NA,NA,2002-05-16 09:44:00,"Yuba River","Yuba River","Continue trapping","Not recorded","Not recorded",NA,2.40000009536743,NA,"Yes",NA,NA,NA,NA
NA,NA,2002-05-17 12:00:00,"Yuba River","Yuba River","Continue trapping","Not recorded","Not recorded",NA,2.59999990463257,NA,"Yes",NA,NA,NA,NA
NA,NA,2002-05-18 09:36:00,"Yuba River","Yuba River","Continue trapping","Not recorded","Not recorded",NA,2.5,NA,"Yes",NA,NA,NA,NA
NA,NA,2002-05-19 09:32:00,"Yuba River","Yuba River","Continue trapping","Not recorded","Not recorded",NA,2.29999995231628,NA,"Yes",NA,NA,NA,NA
NA,NA,2002-05-20 09:25:00,"Yuba River","Yuba River","Continue trapping","Not recorded","Not recorded",NA,2.90000009536743,NA,"Yes",NA,NA,NA,NA
NA,NA,2002-05-21 10:15:00,"Yuba River","Yuba River","Continue trapping","Not recorded","Not recorded",NA,3.09999990463257,NA,"Yes",NA,NA,NA,NA
NA,NA,2002-05-22 11:15:00,"Yuba River","Yuba River","Continue trapping","Not recorded","Not recorded",NA,2.90000009536743,NA,"Yes",NA,NA,NA,NA
NA,NA,2002-05-23 09:52:00,"Yuba River","Yuba River","Continue trapping","Not recorded","Not recorded",NA,3,NA,"Yes",NA,NA,NA,NA
NA,NA,2002-05-24 10:30:00,"Yuba River","Yuba River","Continue trapping","Not recorded","Not recorded",NA,2.90000009536743,NA,"Yes",NA,NA,NA,NA
NA,NA,2002-05-25 09:41:00,"Yuba River","Yuba River","Continue trapping","Not recorded","Not recorded",NA,2.59999990463257,NA,"Yes",NA,NA,NA,NA
NA,NA,2002-05-26 10:00:00,"Yuba River","Yuba River","Continue trapping","Not recorded","Not recorded",NA,2.59999990463257,NA,"Yes",NA,NA,NA,NA
NA,NA,2002-05-27 09:15:00,"Yuba River","Yuba River","Continue trapping","Not recorded","Not recorded",NA,2.5,NA,"Yes",NA,NA,NA,NA
NA,NA,2002-05-28 10:10:00,"Yuba River","Yuba River","Continue trapping","Not recorded","Not recorded",NA,2.40000009536743,NA,"Yes",NA,NA,NA,NA
NA,NA,2002-05-29 10:02:00,"Yuba River","Yuba River","Continue trapping","Not recorded","Not recorded",NA,2.20000004768372,NA,"Yes",NA,NA,NA,NA
NA,NA,2002-05-30 10:05:00,"Yuba River","Yuba River","Continue trapping","Not recorded","Not recorded",NA,2,NA,"Yes",NA,NA,NA,NA
NA,NA,2002-05-31 10:18:00,"Yuba River","Yuba River","Continue trapping","Not recorded","Not recorded",NA,2.20000004768372,NA,"Yes",NA,NA,NA,NA
NA,NA,2002-06-01 09:22:00,"Yuba River","Yuba River","Continue trapping","Not recorded","Not recorded",NA,2.20000004768372,NA,"Yes",NA,NA,NA,NA
NA,NA,2002-06-02 10:22:00,"Yuba River","Yuba River","Continue trapping","Not recorded","Not recorded",NA,2.20000004768372,NA,"Yes",NA,NA,NA,NA
NA,NA,2002-06-03 10:54:00,"Yuba River","Yuba River","Continue trapping","Not recorded","Not recorded",NA,1.89999997615814,NA,"Yes",NA,NA,NA,NA
NA,NA,2002-06-04 09:48:00,"Yuba River","Yuba River","Continue trapping","Not recorded","Not recorded",NA,2.09999990463257,NA,"Yes",NA,NA,NA,NA
NA,NA,2002-06-05 11:18:00,"Yuba River","Yuba River","Continue trapping","Not recorded","Not recorded",NA,2,NA,"Yes",NA,NA,NA,NA
NA,NA,2002-06-06 08:29:00,"Yuba River","Yuba River","Continue trapping","Not recorded","Not recorded",NA,2,NA,"Yes",NA,NA,NA,NA
NA,NA,2002-06-07 09:30:00,"Yuba River","Yuba River","Continue trapping","Not recorded","Not recorded",NA,2,NA,"Yes",NA,NA,NA,NA
NA,NA,2002-06-08 09:30:00,"Yuba River","Yuba River","Continue trapping","Not recorded","Not recorded",NA,1.89999997615814,NA,"Yes",NA,NA,NA,NA
NA,NA,2002-06-09 09:26:00,"Yuba River","Yuba River","Continue trapping","Not recorded","Not recorded",NA,1.79999995231628,NA,"Yes",NA,NA,NA,NA
NA,NA,2002-06-10 08:08:00,"Yuba River","Yuba River","Continue trapping","Not recorded","Not recorded",NA,1.89999997615814,NA,"Yes",NA,NA,NA,NA
NA,NA,2003-10-02 09:15:00,"Yuba River","Yuba River","Continue trapping","Not recorded","Not recorded",NA,4.30000019073486,NA,"Yes",NA,NA,NA,NA
NA,NA,2003-10-15 11:10:00,"Yuba River","Yuba River","Continue trapping","Not recorded","Not recorded",NA,4,3.79999995231628,"Yes",NA,NA,NA,NA
NA,NA,2003-10-16 11:00:00,"Yuba River","Yuba River","Continue trapping","Not recorded","Not recorded",NA,4.30000019073486,4.19999980926514,"Yes",NA,NA,NA,NA
NA,NA,2003-10-17 10:45:00,"Yuba River","Yuba River","Continue trapping","Not recorded","Not recorded",NA,4.19999980926514,5,"Yes",NA,NA,NA,NA
NA,NA,2003-10-18 10:00:00,"Yuba River","Yuba River","Continue trapping","Not recorded","Not recorded",NA,2.79999995231628,4.69999980926514,"Yes",NA,NA,NA,NA
NA,NA,2003-10-19 09:50:00,"Yuba River","Yuba River","Continue trapping","Not recorded","Not recorded",NA,3.79999995231628,4.80000019073486,"Yes",NA,NA,NA,NA
NA,NA,2003-10-20 10:55:00,"Yuba River","Yuba River","Continue trapping","Not recorded","Not recorded",NA,4.40000009536743,4.69999980926514,"Yes",NA,NA,NA,NA
NA,NA,2003-11-01 09:30:00,"Yuba River","Yuba River","Continue trapping","Not recorded","Not recorded",NA,4.19999980926514,4.19999980926514,"Yes",NA,NA,NA,NA
NA,NA,2003-11-02 09:15:00,"Yuba River","Yuba River","Continue trapping","Not recorded","Not recorded",NA,4.30000019073486,4.30000019073486,"Yes",NA,NA,NA,NA
NA,NA,2003-11-02 10:00:00,"Yuba River","Yuba River","Continue trapping","Not recorded","Not recorded",NA,3.5,3.79999995231628,"Yes",NA,NA,NA,NA
NA,NA,2003-11-03 10:30:00,"Yuba River","Yuba River","Continue trapping","Not recorded","Not recorded",NA,4.19999980926514,4.19999980926514,"Yes",NA,NA,NA,NA
NA,NA,2003-11-04 10:30:00,"Yuba River","Yuba River","Continue trapping","Not recorded","Not recorded",NA,4,4.09999990463257,"Yes",NA,NA,NA,NA
NA,NA,2003-11-05 10:15:00,"Yuba River","Yuba River","Continue trapping","Not recorded","Not recorded",NA,4,4,"Yes",NA,NA,NA,NA
NA,NA,2003-11-06 11:45:00,"Yuba River","Yuba River","Continue trapping","Not recorded","Not recorded",NA,4.09999990463257,3.79999995231628,"Yes",NA,NA,NA,NA
NA,NA,2003-11-10 10:30:00,"Yuba River","Yuba River","Continue trapping","Not recorded","Not recorded",NA,4,4.40000009536743,"Yes",NA,NA,NA,NA
NA,NA,2003-11-11 10:30:00,"Yuba River","Yuba River","Continue trapping","Not recorded","Not recorded",NA,4,3.79999995231628,"Yes",NA,NA,NA,NA
NA,NA,2003-11-12 10:45:00,"Yuba River","Yuba River","Continue trapping","Not recorded","Not recorded",NA,3.90000009536743,4.19999980926514,"Yes",NA,NA,NA,NA
NA,NA,2003-11-13 12:00:00,"Yuba River","Yuba River","Continue trapping","Not recorded","Not recorded",NA,4,4.40000009536743,"Yes",NA,NA,NA,NA
NA,NA,2003-11-14 11:30:00,"Yuba River","Yuba River","Continue trapping","Not recorded","Not recorded",NA,4.30000019073486,3.90000009536743,"Yes",NA,NA,NA,NA
NA,NA,2003-11-15 10:00:00,"Yuba River","Yuba River","Continue trapping","Not recorded","Not recorded",NA,4.30000019073486,4.30000019073486,"Yes",NA,NA,NA,NA
NA,NA,2003-11-16 10:00:00,"Yuba River","Yuba River","Continue trapping","Not recorded","Not recorded",NA,4,4.30000019073486,"Yes",NA,NA,NA,NA
NA,NA,2003-11-17 11:00:00,"Yuba River","Yuba River","Continue trapping","Not recorded","Not recorded",NA,4.09999990463257,4.30000019073486,"Yes",NA,NA,NA,NA
NA,NA,2003-11-18 11:00:00,"Yuba River","Yuba River","Continue trapping","Not recorded","Not recorded",NA,4.09999990463257,4.19999980926514,"Yes",NA,NA,NA,NA
NA,NA,2003-11-19 10:30:00,"Yuba River","Yuba River","Continue trapping","Not recorded","Not recorded",NA,4,4,"Yes",NA,NA,NA,NA
NA,NA,2003-11-20 11:30:00,"Yuba River","Yuba River","Continue trapping","Not recorded","Not recorded",NA,4,3.90000009536743,"Yes",NA,NA,NA,NA
NA,NA,2003-11-21 10:45:00,"Yuba River","Yuba River","Continue trapping","Not recorded","Not recorded",NA,3.29999995231628,3.79999995231628,"Yes",NA,NA,NA,NA
NA,NA,2003-11-22 09:25:00,"Yuba River","Yuba River","Continue trapping","Not recorded","Not recorded",NA,3.79999995231628,3.79999995231628,"Yes",NA,NA,NA,NA
NA,NA,2003-11-23 09:30:00,"Yuba River","Yuba River","Continue trapping","Not recorded","Not recorded",NA,3.70000004768372,3.79999995231628,"Yes",NA,NA,NA,NA
NA,NA,2003-11-24 10:40:00,"Yuba River","Yuba River","Continue trapping","Not recorded","Not recorded",NA,3.79999995231628,3.90000009536743,"Yes",NA,NA,NA,NA
NA,NA,2003-11-25 10:15:00,"Yuba River","Yuba River","Continue trapping","Not recorded","Not recorded",NA,3.59999990463257,4.09999990463257,"Yes",NA,NA,NA,NA
NA,NA,2003-11-26 10:00:00,"Yuba River","Yuba River","Continue trapping","Not recorded","Not recorded",NA,4.09999990463257,4.30000019073486,"Yes",NA,NA,NA,NA
NA,NA,2003-11-27 08:00:00,"Yuba River","Yuba River","Continue trapping","Not recorded","Not recorded",NA,3.40000009536743,3.90000009536743,"Yes",NA,NA,NA,NA
NA,NA,2003-11-28 10:00:00,"Yuba River","Yuba River","Continue trapping","Not recorded","Not recorded",NA,3.5,3.79999995231628,"Yes",NA,NA,NA,NA
NA,NA,2003-11-29 10:00:00,"Yuba River","Yuba River","Continue trapping","Not recorded","Not recorded",NA,3.5,4,"Yes",NA,NA,NA,NA
NA,NA,2003-11-30 09:30:00,"Yuba River","Yuba River","Continue trapping","Not recorded","Not recorded",NA,3.59999990463257,4.09999990463257,"Yes",NA,NA,NA,NA
NA,NA,2003-12-01 09:00:00,"Yuba River","Yuba River","Continue trapping","Not recorded","Not recorded",NA,3.5,4,"Yes",NA,NA,NA,NA
NA,NA,2003-12-19 08:00:00,"Yuba River","Yuba River","Continue trapping","Not recorded","Not recorded",NA,0.300000011920929,0.150000005960464,"Yes",NA,NA,NA,NA
NA,NA,2003-12-20 11:00:00,"Yuba River","Yuba River","Continue trapping","Not recorded","Not recorded",NA,4.90000009536743,4.90000009536743,"Yes",NA,NA,NA,NA
NA,NA,2003-12-21 12:00:00,"Yuba River","Yuba River","Continue trapping","Not recorded","Not recorded",NA,5.09999990463257,4.90000009536743,"Yes",NA,NA,NA,NA
NA,NA,2003-12-22 10:00:00,"Yuba River","Yuba River","Continue trapping","Not recorded","Not recorded",NA,6,6,"Yes",NA,NA,NA,NA
NA,NA,2003-12-23 10:00:00,"Yuba River","Yuba River","Continue trapping","Not recorded","Not recorded",NA,6.09999990463257,4.5,"Yes",NA,NA,NA,NA
NA,NA,2003-12-24 09:00:00,"Yuba River","Yuba River","Continue trapping","Not recorded","Not recorded",NA,1.20000004768372,1.20000004768372,"Yes",NA,NA,NA,NA
NA,NA,2003-12-25 10:00:00,"Yuba River","Yuba River","Continue trapping","Not recorded","Not recorded",NA,0,3,"Yes",NA,NA,NA,NA
NA,NA,2003-12-26 09:30:00,"Yuba River","Yuba River","Continue trapping","Not recorded","Not recorded",NA,3.90000009536743,2.59999990463257,"Yes",NA,NA,NA,NA
NA,NA,2003-12-27 08:30:00,"Yuba River","Yuba River","Continue trapping","Not recorded","Not recorded",NA,2.79999995231628,2.79999995231628,"Yes",NA,NA,NA,NA
NA,NA,2003-12-28 09:00:00,"Yuba River","Yuba River","Continue trapping","Not recorded","Not recorded",NA,2.29999995231628,2.29999995231628,"Yes",NA,NA,NA,NA
NA,NA,2003-12-29 08:45:00,"Yuba River","Yuba River","Continue trapping","Not recorded","Not recorded",NA,2.29999995231628,2.29999995231628,"Yes",NA,NA,NA,NA
NA,NA,2003-12-30 11:00:00,"Yuba River","Yuba River","Continue trapping","Not recorded","Not recorded",NA,3.90000009536743,4,"Yes",NA,NA,NA,NA
NA,NA,2003-12-31 10:20:00,"Yuba River","Yuba River","Continue trapping","Not recorded","Not recorded",NA,4.30000019073486,4.30000019073486,"Yes",NA,NA,NA,NA
NA,NA,2004-01-01 08:00:00,"Yuba River","Yuba River","Continue trapping","Not recorded","Not recorded",NA,3.79999995231628,3.79999995231628,"Yes",NA,NA,NA,NA
NA,NA,2004-01-08 08:30:00,"Yuba River","Yuba River","Continue trapping","Not recorded","Not recorded",NA,3.20000004768372,3.20000004768372,"Yes",NA,NA,NA,NA
NA,NA,2004-01-09 08:15:00,"Yuba River","Yuba River","Continue trapping","Not recorded","Not recorded",NA,3.59999990463257,3.59999990463257,"Yes",NA,NA,NA,NA
NA,NA,2004-01-10 08:30:00,"Yuba River","Yuba River","Continue trapping","Not recorded","Not recorded",NA,3.59999990463257,3.29999995231628,"Yes",NA,NA,NA,NA
NA,NA,2004-01-11 08:30:00,"Yuba River","Yuba River","Continue trapping","Not recorded","Not recorded",NA,3.5,3.5,"Yes",NA,NA,NA,NA
NA,NA,2004-01-12 09:30:00,"Yuba River","Yuba River","Continue trapping","Not recorded","Not recorded",NA,3.29999995231628,3.29999995231628,"Yes",NA,NA,NA,NA
NA,NA,2004-01-13 09:00:00,"Yuba River","Yuba River","Continue trapping","Not recorded","Not recorded",NA,3.5,3.29999995231628,"Yes",NA,NA,NA,NA
NA,NA,2004-01-14 08:30:00,"Yuba River","Yuba River","Continue trapping","Not recorded","Not recorded",NA,3.5,3.5,"Yes",NA,NA,NA,NA
NA,NA,2004-01-24 09:00:00,"Yuba River","Yuba River","Continue trapping","Not recorded","Not recorded",NA,3.5,3.5,"Yes",NA,NA,NA,NA
NA,NA,2004-01-25 09:00:00,"Yuba River","Yuba River","Continue trapping","Not recorded","Not recorded",NA,4.30000019073486,4.09999990463257,"Yes",NA,NA,NA,NA
NA,NA,2004-01-26 10:00:00,"Yuba River","Yuba River","Continue trapping","Not recorded","Not recorded",NA,3.40000009536743,3.40000009536743,"Yes",NA,NA,NA,NA
NA,NA,2004-01-27 09:00:00,"Yuba River","Yuba River","Continue trapping","Not recorded","Not recorded",NA,3.09999990463257,3.20000004768372,"Yes",NA,NA,NA,NA
NA,NA,2004-01-28 10:00:00,"Yuba River","Yuba River","Continue trapping","Not recorded","Not recorded",NA,3.59999990463257,3.70000004768372,"Yes",NA,NA,NA,NA
NA,NA,2004-01-29 10:00:00,"Yuba River","Yuba River","Continue trapping","Not recorded","Not recorded",NA,3.20000004768372,3.29999995231628,"Yes",NA,NA,NA,NA
NA,NA,2004-01-30 10:10:00,"Yuba River","Yuba River","Continue trapping","Not recorded","Not recorded",NA,3,3,"Yes",NA,NA,NA,NA
NA,NA,2004-01-31 09:00:00,"Yuba River","Yuba River","Continue trapping","Not recorded","Not recorded",NA,3.70000004768372,3.90000009536743,"Yes",NA,NA,NA,NA
NA,NA,2004-02-01 08:45:00,"Yuba River","Yuba River","Continue trapping","Not recorded","Not recorded",NA,3.29999995231628,3.29999995231628,"Yes",NA,NA,NA,NA
NA,NA,2004-02-02 09:00:00,"Yuba River","Yuba River","Continue trapping","Not recorded","Not recorded",NA,3.40000009536743,3.29999995231628,"Yes",NA,NA,NA,NA
NA,NA,2004-02-03 09:00:00,"Yuba River","Yuba River","Continue trapping","Not recorded","Not recorded",NA,3.5,3.59999990463257,"Yes",NA,NA,NA,NA
NA,NA,2004-02-04 08:30:00,"Yuba River","Yuba River","Continue trapping","Not recorded","Not recorded",NA,3.5,3.59999990463257,"Yes",NA,NA,NA,NA
NA,NA,2004-02-05 09:30:00,"Yuba River","Yuba River","Continue trapping","Not recorded","Not recorded",NA,3.20000004768372,3.29999995231628,"Yes",NA,NA,NA,NA
NA,NA,2004-02-06 08:00:00,"Yuba River","Yuba River","Continue trapping","Not recorded","Not recorded",NA,3.40000009536743,3.29999995231628,"Yes",NA,NA,NA,NA
NA,NA,2004-02-07 09:00:00,"Yuba River","Yuba River","Continue trapping","Not recorded","Not recorded",NA,3.29999995231628,3.5,"Yes",NA,NA,NA,NA
NA,NA,2004-02-08 09:00:00,"Yuba River","Yuba River","Continue trapping","Not recorded","Not recorded",NA,3.09999990463257,3.29999995231628,"Yes",NA,NA,NA,NA
NA,NA,2004-02-09 09:30:00,"Yuba River","Yuba River","Continue trapping","Not recorded","Not recorded",NA,3.29999995231628,4,"Yes",NA,NA,NA,NA
NA,NA,2004-02-10 10:00:00,"Yuba River","Yuba River","Continue trapping","Not recorded","Not recorded",NA,3.09999990463257,3.29999995231628,"Yes",NA,NA,NA,NA
NA,NA,2004-02-11 09:30:00,"Yuba River","Yuba River","Continue trapping","Not recorded","Not recorded",NA,3.20000004768372,3.29999995231628,"Yes",NA,NA,NA,NA
NA,NA,2004-02-12 09:30:00,"Yuba River","Yuba River","Continue trapping","Not recorded","Not recorded",NA,2.79999995231628,3.20000004768372,"Yes",NA,NA,NA,NA
NA,NA,2004-02-13 09:00:00,"Yuba River","Yuba River","Continue trapping","Not recorded","Not recorded",NA,2.90000009536743,2.90000009536743,"Yes",NA,NA,NA,NA
NA,NA,2004-02-14 08:45:00,"Yuba River","Yuba River","Continue trapping","Not recorded","Not recorded",NA,2.79999995231628,3,"Yes",NA,NA,NA,NA
NA,NA,2004-02-15 08:45:00,"Yuba River","Yuba River","Continue trapping","Not recorded","Not recorded",NA,2.29999995231628,2.79999995231628,"Yes",NA,NA,NA,NA
NA,NA,2004-02-16 08:30:00,"Yuba River","Yuba River","Continue trapping","Not recorded","Not recorded",NA,2.90000009536743,2.5,"Yes",NA,NA,NA,NA
NA,NA,2004-02-17 09:00:00,"Yuba River","Yuba River","Continue trapping","Not recorded","Not recorded",NA,0.800000011920929,3.09999990463257,"Yes",NA,NA,NA,NA
NA,NA,2004-02-25 08:00:00,"Yuba River","Yuba River","Continue trapping","Not recorded","Not recorded",NA,6,6,"Yes",NA,NA,NA,NA
NA,NA,2004-02-26 09:00:00,"Yuba River","Yuba River","Continue trapping","Not recorded","Not recorded",NA,3.59999990463257,3,"Yes",NA,NA,NA,NA
NA,NA,2004-02-27 09:00:00,"Yuba River","Yuba River","Continue trapping","Not recorded","Not recorded",NA,3,3,"Yes",NA,NA,NA,NA
NA,NA,2004-02-28 08:00:00,"Yuba River","Yuba River","Continue trapping","Not recorded","Not recorded",NA,4.5,4.5,"Yes",NA,NA,NA,NA
NA,NA,2004-02-29 09:00:00,"Yuba River","Yuba River","Continue trapping","Not recorded","Not recorded",NA,4.90000009536743,4.59999990463257,"Yes",NA,NA,NA,NA
NA,NA,2004-03-01 08:00:00,"Yuba River","Yuba River","Continue trapping","Not recorded","Not recorded",NA,5.19999980926514,5.19999980926514,"Yes",NA,NA,NA,NA
NA,NA,2004-03-02 09:00:00,"Yuba River","Yuba River","Continue trapping","Not recorded","Not recorded",NA,5,4,"Yes",NA,NA,NA,NA
NA,NA,2004-03-03 09:30:00,"Yuba River","Yuba River","Continue trapping","Not recorded","Not recorded",NA,5,5,"Yes",NA,NA,NA,NA
NA,NA,2004-03-04 09:00:00,"Yuba River","Yuba River","Continue trapping","Not recorded","Not recorded",NA,5,5,"Yes",NA,NA,NA,NA
NA,NA,2004-03-05 09:30:00,"Yuba River","Yuba River","Continue trapping","Not recorded","Not recorded",NA,5.19999980926514,5.19999980926514,"Yes",NA,NA,NA,NA
NA,NA,2004-03-06 08:00:00,"Yuba River","Yuba River","Continue trapping","Not recorded","Not recorded",NA,5.40000009536743,5.40000009536743,"Yes",NA,NA,NA,NA
NA,NA,2004-03-07 09:30:00,"Yuba River","Yuba River","Continue trapping","Not recorded","Not recorded",NA,4.90000009536743,4.90000009536743,"Yes",NA,NA,NA,NA
NA,NA,2004-03-08 09:30:00,"Yuba River","Yuba River","Continue trapping","Not recorded","Not recorded",NA,4.90000009536743,4.90000009536743,"Yes",NA,NA,NA,NA
NA,NA,2004-03-09 09:00:00,"Yuba River","Yuba River","Continue trapping","Not recorded","Not recorded",NA,5.69999980926514,5.69999980926514,"Yes",NA,NA,NA,NA
NA,NA,2004-03-10 09:15:00,"Yuba River","Yuba River","Continue trapping","Not recorded","Not recorded",NA,4.90000009536743,4.90000009536743,"Yes",NA,NA,NA,NA
NA,NA,2004-03-11 09:00:00,"Yuba River","Yuba River","Continue trapping","Not recorded","Not recorded",NA,5,5,"Yes",NA,NA,NA,NA
NA,NA,2004-03-12 10:15:00,"Yuba River","Yuba River","Continue trapping","Not recorded","Not recorded",NA,4.69999980926514,4.69999980926514,"Yes",NA,NA,NA,NA
NA,NA,2004-03-13 08:00:00,"Yuba River","Yuba River","Continue trapping","Not recorded","Not recorded",NA,4.80000019073486,4.80000019073486,"Yes",NA,NA,NA,NA
NA,NA,2004-03-14 08:00:00,"Yuba River","Yuba River","Continue trapping","Not recorded","Not recorded",NA,4.80000019073486,4.80000019073486,"Yes",NA,NA,NA,NA
NA,NA,2004-03-15 08:30:00,"Yuba River","Yuba River","Continue trapping","Not recorded","Not recorded",NA,4.90000009536743,NA,"Yes",NA,NA,NA,NA
NA,NA,2004-03-16 09:00:00,"Yuba River","Yuba River","Continue trapping","Not recorded","Not recorded",NA,4.19999980926514,4.5,"Yes",NA,NA,NA,NA
NA,NA,2004-03-17 08:30:00,"Yuba River","Yuba River","Continue trapping","Not recorded","Not recorded",NA,5.40000009536743,5.5,"Yes",NA,NA,NA,NA
NA,NA,2004-03-18 10:10:00,"Yuba River","Yuba River","Continue trapping","Not recorded","Not recorded",NA,5.90000009536743,5.90000009536743,"Yes",NA,NA,NA,NA
NA,NA,2004-03-19 08:45:00,"Yuba River","Yuba River","Continue trapping","Not recorded","Not recorded",NA,6,6,"Yes",NA,NA,NA,NA
NA,NA,2004-03-20 08:45:00,"Yuba River","Yuba River","Continue trapping","Not recorded","Not recorded",NA,5.80000019073486,5.90000009536743,"Yes",NA,NA,NA,NA
NA,NA,2004-03-21 08:45:00,"Yuba River","Yuba River","Continue trapping","Not recorded","Not recorded",NA,5.90000009536743,6,"Yes",NA,NA,NA,NA
NA,NA,2004-03-22 08:30:00,"Yuba River","Yuba River","Continue trapping","Not recorded","Not recorded",NA,5.69999980926514,6,"Yes",NA,NA,NA,NA
NA,NA,2004-03-23 09:00:00,"Yuba River","Yuba River","Continue trapping","Not recorded","Not recorded",NA,5.59999990463257,5.59999990463257,"Yes",NA,NA,NA,NA
NA,NA,2004-03-24 09:00:00,"Yuba River","Yuba River","Continue trapping","Not recorded","Not recorded",NA,5.30000019073486,5.30000019073486,"Yes",NA,NA,NA,NA
NA,NA,2004-03-25 09:00:00,"Yuba River","Yuba River","Continue trapping","Not recorded","Not recorded",NA,5.30000019073486,5.5,"Yes",NA,NA,NA,NA
NA,NA,2004-03-26 09:00:00,"Yuba River","Yuba River","Continue trapping","Not recorded","Not recorded",NA,5.19999980926514,5.59999990463257,"Yes",NA,NA,NA,NA
NA,NA,2004-03-27 08:45:00,"Yuba River","Yuba River","Continue trapping","Not recorded","Not recorded",NA,5,5.5,"Yes",NA,NA,NA,NA
NA,NA,2004-03-28 09:30:00,"Yuba River","Yuba River","Continue trapping","Not recorded","Not recorded",NA,4.90000009536743,5,"Yes",NA,NA,NA,NA
NA,NA,2004-03-29 08:30:00,"Yuba River","Yuba River","Continue trapping","Not recorded","Not recorded",NA,4.5,5.40000009536743,"Yes",NA,NA,NA,NA
NA,NA,2004-03-30 09:30:00,"Yuba River","Yuba River","Continue trapping","Not recorded","Not recorded",NA,3.79999995231628,5,"Yes",NA,NA,NA,NA
NA,NA,2004-03-31 08:45:00,"Yuba River","Yuba River","Continue trapping","Not recorded","Not recorded",NA,4.09999990463257,5.09999990463257,"Yes",NA,NA,NA,NA
NA,NA,2004-04-01 09:00:00,"Yuba River","Yuba River","Continue trapping","Not recorded","Not recorded",NA,4.59999990463257,5,"Yes",NA,NA,NA,NA
NA,NA,2004-04-02 09:30:00,"Yuba River","Yuba River","Continue trapping","Not recorded","Not recorded",NA,3.90000009536743,4.90000009536743,"Yes",NA,NA,NA,NA
NA,NA,2004-04-03 10:00:00,"Yuba River","Yuba River","Continue trapping","Not recorded","Not recorded",NA,3.5,4.90000009536743,"Yes",NA,NA,NA,NA
NA,NA,2004-04-04 10:00:00,"Yuba River","Yuba River","Continue trapping","Not recorded","Not recorded",NA,3,4.80000019073486,"Yes",NA,NA,NA,NA
NA,NA,2004-04-05 09:00:00,"Yuba River","Yuba River","Continue trapping","Not recorded","Not recorded",NA,3,4,"Yes",NA,NA,NA,NA
NA,NA,2004-04-06 09:00:00,"Yuba River","Yuba River","Continue trapping","Not recorded","Not recorded",NA,2.40000009536743,4,"Yes",NA,NA,NA,NA
NA,NA,2004-04-07 08:30:00,"Yuba River","Yuba River","Continue trapping","Not recorded","Not recorded",NA,2.29999995231628,3.90000009536743,"Yes",NA,NA,NA,NA
NA,NA,2004-04-08 09:30:00,"Yuba River","Yuba River","Continue trapping","Not recorded","Not recorded",NA,2.20000004768372,3.79999995231628,"Yes",NA,NA,NA,NA
NA,NA,2004-04-09 09:00:00,"Yuba River","Yuba River","Continue trapping","Not recorded","Not recorded",NA,2.5,3.70000004768372,"Yes",NA,NA,NA,NA
NA,NA,2004-04-10 09:45:00,"Yuba River","Yuba River","Continue trapping","Not recorded","Not recorded",NA,1.70000004768372,3.59999990463257,"Yes",NA,NA,NA,NA
NA,NA,2004-04-11 09:45:00,"Yuba River","Yuba River","Continue trapping","Not recorded","Not recorded",NA,1.89999997615814,3.5,"Yes",NA,NA,NA,NA
NA,NA,2004-04-12 09:00:00,"Yuba River","Yuba River","Continue trapping","Not recorded","Not recorded",NA,2.20000004768372,3.90000009536743,"Yes",NA,NA,NA,NA
NA,NA,2004-04-13 09:00:00,"Yuba River","Yuba River","Continue trapping","Not recorded","Not recorded",NA,1.39999997615814,2.40000009536743,"Yes",NA,NA,NA,NA
NA,NA,2004-04-14 08:45:00,"Yuba River","Yuba River","Continue trapping","Not recorded","Not recorded",NA,1.20000004768372,NA,"Yes",NA,NA,NA,NA
NA,NA,2004-04-15 09:30:00,"Yuba River","Yuba River","Continue trapping","Not recorded","Not recorded",NA,1.5,2.29999995231628,"Yes",NA,NA,NA,NA
NA,NA,2004-04-16 08:30:00,"Yuba River","Yuba River","Continue trapping","Not recorded","Not recorded",NA,1.89999997615814,2.79999995231628,"Yes",NA,NA,NA,NA
NA,NA,2004-04-17 10:30:00,"Yuba River","Yuba River","Continue trapping","Not recorded","Not recorded",NA,1.79999995231628,3.20000004768372,"Yes",NA,NA,NA,NA
NA,NA,2004-04-18 10:00:00,"Yuba River","Yuba River","Continue trapping","Not recorded","Not recorded",NA,1.5,3.40000009536743,"Yes",NA,NA,NA,NA
NA,NA,2004-04-19 09:30:00,"Yuba River","Yuba River","Continue trapping","Not recorded","Not recorded",NA,3,4,"Yes",NA,NA,NA,NA
NA,NA,2004-04-20 09:00:00,"Yuba River","Yuba River","Continue trapping","Not recorded","Not recorded",NA,3,3.59999990463257,"Yes",NA,NA,NA,NA
NA,NA,2004-04-21 09:00:00,"Yuba River","Yuba River","Continue trapping","Not recorded","Not recorded",NA,2.79999995231628,3.59999990463257,"Yes",NA,NA,NA,NA
NA,NA,2004-04-22 09:30:00,"Yuba River","Yuba River","Continue trapping","Not recorded","Not recorded",NA,3.20000004768372,4.09999990463257,"Yes",NA,NA,NA,NA
NA,NA,2004-04-23 09:00:00,"Yuba River","Yuba River","Continue trapping","Not recorded","Not recorded",NA,3.09999990463257,3.70000004768372,"Yes",NA,NA,NA,NA
NA,NA,2004-04-24 10:00:00,"Yuba River","Yuba River","Continue trapping","Not recorded","Not recorded",NA,3.29999995231628,3.70000004768372,"Yes",NA,NA,NA,NA
NA,NA,2004-04-25 09:30:00,"Yuba River","Yuba River","Continue trapping","Not recorded","Not recorded",NA,3.29999995231628,3.70000004768372,"Yes",NA,NA,NA,NA
NA,NA,2004-04-26 08:30:00,"Yuba River","Yuba River","Continue trapping","Not recorded","Not recorded",NA,3.29999995231628,3.79999995231628,"Yes",NA,NA,NA,NA
NA,NA,2004-04-27 09:00:00,"Yuba River","Yuba River","Continue trapping","Not recorded","Not recorded",NA,3.29999995231628,3.40000009536743,"Yes",NA,NA,NA,NA
NA,NA,2004-04-28 09:30:00,"Yuba River","Yuba River","Continue trapping","Not recorded","Not recorded",NA,3.40000009536743,3.5,"Yes",NA,NA,NA,NA
NA,NA,2004-04-29 08:45:00,"Yuba River","Yuba River","Continue trapping","Not recorded","Not recorded",NA,3.20000004768372,3.29999995231628,"Yes",NA,NA,NA,NA
NA,NA,2004-04-30 08:30:00,"Yuba River","Yuba River","Continue trapping","Not recorded","Not recorded",NA,3.09999990463257,3.40000009536743,"Yes",NA,NA,NA,NA
NA,NA,2004-05-01 09:30:00,"Yuba River","Yuba River","Continue trapping","Not recorded","Not recorded",NA,2.79999995231628,2.90000009536743,"Yes",NA,NA,NA,NA
NA,NA,2004-05-02 09:30:00,"Yuba River","Yuba River","Continue trapping","Not recorded","Not recorded",NA,2.5,2.5,"Yes",NA,NA,NA,NA
NA,NA,2004-05-03 09:30:00,"Yuba River","Yuba River","Continue trapping","Not recorded","Not recorded",NA,2.5,2.5,"Yes",NA,NA,NA,NA
NA,NA,2004-05-04 09:00:00,"Yuba River","Yuba River","Continue trapping","Not recorded","Not recorded",NA,2.5,2.79999995231628,"Yes",NA,NA,NA,NA
NA,NA,2004-05-05 09:00:00,"Yuba River","Yuba River","Continue trapping","Not recorded","Not recorded",NA,2.40000009536743,2.40000009536743,"Yes",NA,NA,NA,NA
NA,NA,2004-05-06 09:00:00,"Yuba River","Yuba River","Continue trapping","Not recorded","Not recorded",NA,2.20000004768372,2.29999995231628,"Yes",NA,NA,NA,NA
NA,NA,2004-05-07 08:30:00,"Yuba River","Yuba River","Continue trapping","Not recorded","Not recorded",NA,2.5,2.5,"Yes",NA,NA,NA,NA
NA,NA,2004-05-08 08:30:00,"Yuba River","Yuba River","Continue trapping","Not recorded","Not recorded",NA,2.40000009536743,2.70000004768372,"Yes",NA,NA,NA,NA
NA,NA,2004-05-08 11:30:00,"Yuba River","Yuba River","Continue trapping","Not recorded","Not recorded",NA,2.29999995231628,2.40000009536743,"Yes",NA,NA,NA,NA
NA,NA,2004-05-09 10:00:00,"Yuba River","Yuba River","Continue trapping","Not recorded","Not recorded",NA,2.29999995231628,2.29999995231628,"Yes",NA,NA,NA,NA
NA,NA,2004-05-10 09:00:00,"Yuba River","Yuba River","Continue trapping","Not recorded","Not recorded",NA,2.40000009536743,2.5,"Yes",NA,NA,NA,NA
NA,NA,2004-05-11 08:45:00,"Yuba River","Yuba River","Continue trapping","Not recorded","Not recorded",NA,2.5,2.5,"Yes",NA,NA,NA,NA
NA,NA,2004-05-12 09:00:00,"Yuba River","Yuba River","Continue trapping","Not recorded","Not recorded",NA,2.70000004768372,2.79999995231628,"Yes",NA,NA,NA,NA
NA,NA,2004-05-13 08:30:00,"Yuba River","Yuba River","Continue trapping","Not recorded","Not recorded",NA,2.90000009536743,2.70000004768372,"Yes",NA,NA,NA,NA
NA,NA,2004-05-14 08:30:00,"Yuba River","Yuba River","Continue trapping","Not recorded","Not recorded",NA,2.90000009536743,2.90000009536743,"Yes",NA,NA,NA,NA
NA,NA,2004-05-15 10:00:00,"Yuba River","Yuba River","Continue trapping","Not recorded","Not recorded",NA,2.5,2.59999990463257,"Yes",NA,NA,NA,NA
NA,NA,2004-05-16 10:00:00,"Yuba River","Yuba River","Continue trapping","Not recorded","Not recorded",NA,2.70000004768372,2.79999995231628,"Yes",NA,NA,NA,NA
NA,NA,2004-05-17 09:00:00,"Yuba River","Yuba River","Continue trapping","Not recorded","Not recorded",NA,2.20000004768372,2.29999995231628,"Yes",NA,NA,NA,NA
NA,NA,2004-05-19 08:30:00,"Yuba River","Yuba River","Continue trapping","Not recorded","Not recorded",NA,2.70000004768372,2.90000009536743,"Yes",NA,NA,NA,NA
NA,NA,2004-05-20 09:00:00,"Yuba River","Yuba River","Continue trapping","Not recorded","Not recorded",NA,2.40000009536743,2.79999995231628,"Yes",NA,NA,NA,NA
NA,NA,2004-05-21 08:30:00,"Yuba River","Yuba River","Continue trapping","Not recorded","Not recorded",NA,2.5,2.5,"Yes",NA,NA,NA,NA
NA,NA,2004-05-22 09:30:00,"Yuba River","Yuba River","Continue trapping","Not recorded","Not recorded",NA,2,2.20000004768372,"Yes",NA,NA,NA,NA
NA,NA,2004-05-23 09:30:00,"Yuba River","Yuba River","Continue trapping","Not recorded","Not recorded",NA,3,3.09999990463257,"Yes",NA,NA,NA,NA
NA,NA,2004-05-24 09:00:00,"Yuba River","Yuba River","Continue trapping","Not recorded","Not recorded",NA,1.89999997615814,2.70000004768372,"Yes",NA,NA,NA,NA
NA,NA,2004-05-25 08:30:00,"Yuba River","Yuba River","Continue trapping","Not recorded","Not recorded",NA,2.40000009536743,2.29999995231628,"Yes",NA,NA,NA,NA
NA,NA,2004-05-26 09:00:00,"Yuba River","Yuba River","Continue trapping","Not recorded","Not recorded",NA,2.79999995231628,2.70000004768372,"Yes",NA,NA,NA,NA
NA,NA,2004-05-27 09:00:00,"Yuba River","Yuba River","Continue trapping","Not recorded","Not recorded",NA,1.70000004768372,2,"Yes",NA,NA,NA,NA
NA,NA,2004-05-28 08:30:00,"Yuba River","Yuba River","Continue trapping","Not recorded","Not recorded",NA,2,2,"Yes",NA,NA,NA,NA
NA,NA,2004-05-29 09:30:00,"Yuba River","Yuba River","Continue trapping","Not recorded","Not recorded",NA,2.5,2.5,"Yes",NA,NA,NA,NA
NA,NA,2004-05-30 09:30:00,"Yuba River","Yuba River","Continue trapping","Not recorded","Not recorded",NA,2.20000004768372,2.5,"Yes",NA,NA,NA,NA
NA,NA,2004-06-01 08:30:00,"Yuba River","Yuba River","Continue trapping","Not recorded","Not recorded",NA,2.40000009536743,2.59999990463257,"Yes",NA,NA,NA,NA
NA,NA,2004-06-02 08:30:00,"Yuba River","Yuba River","Continue trapping","Not recorded","Not recorded",NA,1.60000002384186,1.60000002384186,"Yes",NA,NA,NA,NA
NA,NA,2004-06-03 08:30:00,"Yuba River","Yuba River","Continue trapping","Not recorded","Not recorded",NA,2.40000009536743,2.79999995231628,"Yes",NA,NA,NA,NA
NA,NA,2004-06-04 08:45:00,"Yuba River","Yuba River","Continue trapping","Not recorded","Not recorded",NA,2.20000004768372,2.29999995231628,"Yes",NA,NA,NA,NA
NA,NA,2004-06-05 09:00:00,"Yuba River","Yuba River","Continue trapping","Not recorded","Not recorded",NA,2.70000004768372,2.79999995231628,"Yes",NA,NA,NA,NA
NA,NA,2004-06-06 09:30:00,"Yuba River","Yuba River","Continue trapping","Not recorded","Not recorded",NA,2.70000004768372,2.90000009536743,"Yes",NA,NA,NA,NA
NA,NA,2004-06-07 08:45:00,"Yuba River","Yuba River","Continue trapping","Not recorded","Not recorded",NA,5,5.19999980926514,"Yes",NA,NA,NA,NA
NA,NA,2004-06-08 08:30:00,"Yuba River","Yuba River","Continue trapping","Not recorded","Not recorded",NA,5,5,"Yes",NA,NA,NA,NA
NA,NA,2004-06-09 08:30:00,"Yuba River","Yuba River","Continue trapping","Not recorded","Not recorded",NA,5.19999980926514,5.19999980926514,"Yes",NA,NA,NA,NA
NA,NA,2004-06-10 08:30:00,"Yuba River","Yuba River","Continue trapping","Not recorded","Not recorded",NA,5.09999990463257,5.59999990463257,"Yes",NA,NA,NA,NA
NA,NA,2004-06-11 08:45:00,"Yuba River","Yuba River","Continue trapping","Not recorded","Not recorded",NA,5.09999990463257,5.40000009536743,"Yes",NA,NA,NA,NA
NA,NA,2004-06-12 09:30:00,"Yuba River","Yuba River","Continue trapping","Not recorded","Not recorded",NA,5.19999980926514,5.40000009536743,"Yes",NA,NA,NA,NA
NA,NA,2004-06-13 09:30:00,"Yuba River","Yuba River","Continue trapping","Not recorded","Not recorded",NA,5.40000009536743,5.40000009536743,"Yes",NA,NA,NA,NA
NA,NA,2004-06-14 09:00:00,"Yuba River","Yuba River","Continue trapping","Not recorded","Not recorded",NA,NA,NA,"Yes",NA,NA,NA,NA
NA,NA,2004-06-15 08:30:00,"Yuba River","Yuba River","Continue trapping","Not recorded","Not recorded",NA,5.30000019073486,5.40000009536743,"Yes",NA,NA,NA,NA
NA,NA,2004-06-16 08:30:00,"Yuba River","Yuba River","Continue trapping","Not recorded","Not recorded",NA,5.30000019073486,5.30000019073486,"Yes",NA,NA,NA,NA
NA,NA,2004-06-17 08:30:00,"Yuba River","Yuba River","Continue trapping","Not recorded","Not recorded",NA,5.30000019073486,5.40000009536743,"Yes",NA,NA,NA,NA
NA,NA,2005-06-04 11:30:00,"Yuba River","Yuba River","Continue trapping","Not recorded","Not recorded",NA,5,5,"Yes",NA,NA,NA,NA
NA,NA,2005-06-14 09:30:00,"Yuba River","Yuba River","Continue trapping","Not recorded","Not recorded",NA,4.09999990463257,4.09999990463257,"Yes",NA,NA,NA,NA
NA,NA,2008-05-20 13:43:00,"Yuba River","Yuba River","Start trap & begin trapping","Not recorded","Not recorded",NA,NA,NA,"Yes",NA,NA,NA,NA
NA,NA,2008-05-20 16:54:00,"Yuba River","Yuba River","Unplanned restart","Not recorded","Not recorded",NA,NA,NA,"Yes",NA,NA,NA,NA
NA,NA,2008-05-21 08:30:00,"Yuba River","Yuba River","Start trap & begin trapping","Not recorded","Not recorded",NA,NA,NA,"Yes",NA,NA,NA,NA
NA,NA,2008-05-21 10:20:00,"Yuba River","Yuba River","Unplanned restart","Not recorded","Not recorded",NA,NA,NA,"Yes",NA,NA,NA,NA
